3.5185 -0.0145 9.178
3.52575 -0.00875 9.1785
3.53175 0.0105 9.1675
3.5575 0.01075 9.1655
3.554 0.00975 9.1625
3.55525 0.0095 9.168
3.55625 0.01125 9.171
3.5535 0.01075 9.171
3.556 0.007 9.167
3.557 0.0115 9.16825
3.552 0.0095 9.16125
3.55675 0.013 9.16525
3.5555 0.014 9.16775
3.555 0.0155 9.1665
3.55325 0.01675 9.165
3.5535 0.01225 9.165
3.55575 0.01175 9.164
3.55625 0.01125 9.166
3.55225 0.01425 9.1655
3.5575 0.01325 9.17075
3.55375 0.0075 9.16525
3.55575 0.014 9.16875
3.5575 0.01475 9.16275
3.5535 0.0125 9.1635
3.5515 0.0155 9.1645
3.5555 0.01425 9.1645
3.55425 0.00825 9.16675
3.5545 0.01175 9.162
3.558 0.01075 9.1665
3.55575 0.01625 9.15625
3.556 0.01 9.16225
3.55675 0.0095 9.1685
3.55275 0.0155 9.16825
3.5555 0.01525 9.1655
3.5555 0.01575 9.1625
3.55225 0.01275 9.161
3.5185 -0.0145 9.178
3.52575 -0.00875 9.1785
3.53175 0.0105 9.1675
3.55825 0.0115 9.1675
3.5505 0.01575 9.16025
3.56 0.012 9.165
3.5565 0.01375 9.16375
3.55525 0.0175 9.16975
3.55675 0.00875 9.1685
3.55625 0.01475 9.165
3.5575 0.013 9.16725
3.55525 0.01275 9.15975
3.556 0.01475 9.157
3.55325 0.01 9.1665
3.551 0.013 9.1675
3.56075 0.00825 9.16925
3.56125 0.0115 9.16875
3.55925 0.01525 9.17025
3.556 0.01125 9.16175
3.55775 0.01325 9.168
3.55775 0.012 9.1705
3.55325 0.01175 9.17375
3.55625 0.01525 9.16175
3.5555 0.01025 9.1695
3.5575 0.012 9.168
3.5555 0.01025 9.16475
3.55625 0.01 9.162
3.5555 0.016 9.16325
3.55525 0.01025 9.173
3.55725 0.01375 9.16875
3.55325 0.00875 9.1675
3.55575 0.01275 9.15925
3.55275 0.013 9.16375
3.55425 0.00825 9.16425
3.55625 0.012 9.1645
3.553 0.0135 9.16325
3.556 0.01525 9.162
3.55675 0.0135 9.1665
3.556 0.017 9.167
3.5505 0.01375 9.1655
3.55675 0.01375 9.1635
3.553 0.015 9.16475
3.55925 0.0125 9.15975
3.55325 0.00925 9.1625
3.55925 0.01325 9.1585
3.56275 0.0145 9.167
3.55175 0.01275 9.15825
3.5545 0.01275 9.16175
3.5565 0.01375 9.16725
3.55725 0.01425 9.16275
3.55975 0.00875 9.15775
3.55525 0.01375 9.162
3.5515 0.017 9.16425
3.5565 0.009 9.168
3.5515 0.01125 9.172
3.55175 0.013 9.166
3.54275 0.00475 9.16625
3.5145 -0.0155 9.1835
3.537 -0.00825 9.16875
3.53275 0.0175 9.17375
3.5555 0.01475 9.16525
3.55275 0.014 9.173
3.5535 0.01225 9.15825
3.55225 0.01225 9.17
3.55425 0.01475 9.17425
3.55575 0.01175 9.164
3.55625 0.01125 9.166
3.55225 0.01425 9.1655
3.5575 0.01325 9.17075
3.5555 0.01225 9.165
3.55525 0.0125 9.167
3.55675 0.0135 9.16175
3.555 0.01225 9.16775
3.5575 0.0125 9.16175
3.559 0.01175 9.162
3.55075 0.01375 9.16975
3.5535 0.01275 9.1685
3.55425 0.01125 9.1675
3.55225 0.01275 9.17525
3.55575 0.00825 9.166
3.54925 0.013 9.163
3.5535 0.01325 9.16775
3.55375 0.0135 9.1645
3.55075 0.015 9.16425
3.5525 0.016 9.1585
3.55275 0.00925 9.177
3.555 0.014 9.162
3.55325 0.01575 9.168
3.55575 0.01375 9.1685
3.556 0.009 9.16825
3.5555 0.01175 9.167
3.556 0.01 9.1635
3.552 0.013 9.169
3.5515 0.0125 9.168
3.55125 0.013 9.1565
3.55125 0.0185 9.16425
3.55275 0.014 9.17225
3.551 0.00875 9.16325
3.549 0.01725 9.16275
3.559 0.01625 9.17075
3.55375 0.01 9.1635
3.5545 0.01 9.16625
3.5505 0.013 9.15925
3.55725 0.009 9.1585
3.55625 0.01225 9.1615
3.55425 0.013 9.17675
3.5575 0.01075 9.16225
3.551 0.01475 9.1655
3.55875 0.011 9.171
3.55425 0.01125 9.16525
3.55625 0.01075 9.1665
3.55675 0.01575 9.165
3.5525 0.01075 9.16325
3.55625 0.00825 9.16825
3.553 0.01575 9.1665
3.5525 0.01375 9.171
3.555 0.01175 9.16825
3.551 0.01475 9.16925
3.5545 0.01475 9.16425
3.5535 0.012 9.1655
3.55 0.0095 9.1565
3.5545 0.012 9.16675
3.555 0.0125 9.162
3.551 0.0145 9.16575
3.55475 0.01225 9.17325
3.55625 0.015 9.17075
3.55675 0.0125 9.15775
3.5535 0.011 9.16275
3.55425 0.01475 9.17425
3.553 0.00875 9.1655
3.55225 0.01275 9.173
3.55525 0.00875 9.15825
3.55525 0.01225 9.1625
3.556 0.00975 9.16325
3.55775 0.0115 9.162
3.5565 0.01 9.166
3.55125 0.00925 9.1665
3.55575 0.00875 9.15925
3.551 0.0135 9.17025
3.5555 0.01875 9.16025
3.555 0.01425 9.1675
3.55425 0.01475 9.1665
3.55325 0.01275 9.1605
3.555 0.01425 9.17375
3.55225 0.01225 9.16675
3.554 0.01175 9.1745
3.55525 0.0115 9.16725
3.555 0.0125 9.16375
3.5565 0.00625 9.16825
3.553 0.0125 9.16375
3.55225 0.01325 9.16425
3.5535 0.00925 9.168
3.55 0.0115 9.16775
3.551 0.01025 9.16775
3.55425 0.01425 9.172
3.55475 0.01525 9.16725
3.55275 0.00925 9.167
3.5555 0.0125 9.1645
3.555 0.0105 9.168
3.555 0.01 9.17125
3.55 0.0115 9.1705
3.55525 0.01475 9.1625
3.55 0.0175 9.16175
3.5555 0.01375 9.16325
3.55525 0.01275 9.16175
3.557 0.00725 9.167
3.553 0.0095 9.16725
3.55725 0.01275 9.17075
3.551 0.01425 9.1705
3.551 0.00625 9.1695
3.55575 0.01 9.16575
3.55175 0.0115 9.163
3.55375 0.01175 9.163
3.55675 0.01075 9.16775
3.55375 0.01625 9.16
3.555 0.014 9.1615
3.552 0.01325 9.16775
3.55175 0.013 9.16175
3.55275 0.01175 9.16475
3.55425 0.012 9.162
3.555 0.0135 9.16525
3.55325 0.0115 9.17025
3.557 0.01325 9.16425
3.55375 0.01725 9.16575
3.5525 0.0155 9.16625
3.55575 0.01525 9.172
3.557 0.00875 9.17075
3.5555 0.0095 9.17
3.558 0.0115 9.15975
3.5545 0.009 9.167
3.552 0.01225 9.1675
3.56025 0.0125 9.16925
3.55125 0.01675 9.17125
3.5515 0.01625 9.1655
3.5515 0.01325 9.1705
3.55675 0.00975 9.16425
3.554 0.01725 9.171
3.555 0.01225 9.1605
3.55075 0.01375 9.1655
3.55275 0.0135 9.16975
3.5565 0.016 9.165
3.554 0.01375 9.168
3.55575 0.0095 9.1655
3.55475 0.014 9.164
3.55375 0.01375 9.16425
3.556 0.01975 9.16825
3.55475 0.012 9.16125
3.55525 0.01775 9.16425
3.5535 0.012 9.16425
3.55175 0.01675 9.16625
3.55625 0.01025 9.16525
3.555 0.016 9.164
3.5535 0.0145 9.166
3.557 0.01575 9.168
3.55625 0.011 9.16575
3.5525 0.01475 9.165
3.5565 0.014 9.16225
3.55275 0.011 9.1655
3.5535 0.01325 9.164
3.552 0.014 9.172
3.5545 0.01325 9.1665
3.5505 0.01475 9.16575
3.5575 0.017 9.1695
3.55425 0.01025 9.166
3.55575 0.01775 9.169
3.55725 0.01325 9.1685
3.55025 0.0125 9.16725
3.556 0.0185 9.1675
3.56025 0.01375 9.1645
3.55375 0.01225 9.158
3.5565 0.0165 9.16075
3.55525 0.01375 9.16575
3.548 0.01325 9.16175
3.55175 0.014 9.161
3.55675 0.013 9.16325
3.554 0.0085 9.16325
3.55175 0.016 9.16425
3.556 0.01075 9.16925
3.55625 0.016 9.159
3.55425 0.01625 9.17175
3.556 0.017 9.1645
3.558 0.015 9.171
3.55375 0.01275 9.1625
3.549 0.01325 9.166
3.55275 0.016 9.166
3.55375 0.0135 9.1615
3.55575 0.0115 9.169
3.55525 0.01475 9.1655
3.568 0.00675 9.16225
3.55075 0.01475 9.17225
3.5615 0.01 9.1735
3.55725 0.015 9.16925
3.55375 0.01275 9.168
3.556 0.01225 9.1585
3.5575 0.01025 9.16475
3.555 0.01325 9.1675
