# Accelerometer Values
# filename:  default__2.zip
# Saving start time: Mon Jul 15 17:13:38 GMT+09:00 2013

# sensor resolution: 0.039226603m/s^2
#Sensorvendor: Invensense, name: MPL Accelerometer, type: 1,version : 1, range 19.6133

# X value, Y value, Z value, time diff in ms
3.522 -0.015 9.173 197
3.518 -0.018 9.186 197
3.516 -0.011 9.178 197
3.518 -0.014 9.175 197
3.506 -0.019 9.195 198
3.527 -0.025 9.188 197
3.529 -0.007 9.174 197
3.527 0.033 9.17 197
3.582 -0.02 9.166 198
3.541 0.016 9.157 197
3.551 -0.017 9.156 197
3.559 0.0 9.168 197
3.548 0.004 9.151 197
3.473 0.061 9.191 198
3.555 -0.006 9.172 197
3.561 0.01 9.169 197
3.555 0.011 9.181 198
3.559 0.009 9.161 197
3.558 0.009 9.156 197
3.56 0.0 9.164 197
3.558 0.014 9.164 198
3.552 0.004 9.146 197
3.555 0.014 9.158 197
3.565 0.01 9.163 197
3.554 0.003 9.184 198
3.554 0.008 9.16 197
3.555 0.018 9.162 197
3.561 0.014 9.181 197
3.553 0.004 9.179 198
3.552 0.014 9.161 197
3.555 0.018 9.16 197
3.566 0.01 9.166 197
3.555 0.01 9.156 197
3.56 0.015 9.155 197
3.555 0.006 9.151 198
3.557 0.016 9.169 197
3.558 0.012 9.167 197
3.549 0.01 9.164 197
3.563 0.005 9.16 197
3.553 0.005 9.18 197
3.555 0.0 9.175 198
3.553 0.005 9.182 197
3.546 0.0 9.168 197
3.557 0.012 9.166 197
3.553 0.009 9.179 197
3.555 0.0 9.167 197
3.553 0.002 9.168 197
3.571 0.01 9.156 198
3.551 0.01 9.169 197
3.551 0.014 9.16 197
3.553 0.015 9.161 197
3.555 0.017 9.176 198
3.555 0.01 9.149 197
3.56 0.022 9.184 197
3.552 0.009 9.163 197
3.56 0.006 9.162 197
3.551 0.018 9.17 198
3.555 0.012 9.169 197
3.558 0.01 9.156 197
3.553 0.008 9.161 197
3.564 -0.001 9.175 198
3.563 0.015 9.175 197
3.555 0.016 9.173 197
3.552 0.006 9.168 197
3.558 0.009 9.157 198
3.549 0.008 9.179 197
3.549 0.009 9.154 197
3.557 0.012 9.156 197
3.553 0.009 9.156 198
3.559 0.021 9.172 199
3.555 0.002 9.162 195
3.554 0.017 9.164 197
3.559 0.012 9.163 198
3.557 0.004 9.174 197
3.561 0.01 9.169 197
3.564 0.02 9.163 197
3.554 0.016 9.167 198
3.554 0.01 9.157 197
3.56 0.011 9.155 197
3.557 0.015 9.167 198
3.554 0.021 9.163 197
3.553 0.015 9.164 197
3.561 0.01 9.167 197
3.555 0.012 9.167 198
3.557 0.012 9.167 197
3.555 0.023 9.168 197
3.555 0.021 9.154 197
3.557 0.003 9.17 198
3.554 0.02 9.152 197
3.552 0.008 9.16 197
3.56 0.009 9.161 198
3.555 0.005 9.167 197
3.552 0.014 9.172 197
3.551 0.027 9.167 197
3.558 0.017 9.151 198
3.552 0.011 9.168 197
3.543 0.018 9.173 197
3.561 0.003 9.168 197
3.552 0.009 9.174 197
3.559 0.017 9.158 198
3.553 0.01 9.184 197
3.558 0.009 9.161 197
3.554 0.012 9.163 197
3.558 0.012 9.168 198
3.557 0.014 9.17 197
3.557 0.011 9.172 197
3.561 0.01 9.157 197
3.553 0.005 9.166 198
3.557 0.017 9.158 197
3.563 0.014 9.161 197
3.548 0.011 9.168 197
3.561 0.015 9.18 198
3.555 0.015 9.169 197
3.543 0.017 9.164 197
3.559 0.012 9.162 197
3.547 0.015 9.167 198
3.559 0.015 9.181 197
3.565 0.011 9.173 197
3.56 0.024 9.169 197
3.558 0.012 9.169 198
3.558 0.02 9.172 197
3.553 0.006 9.161 197
3.557 0.01 9.169 197
3.555 0.003 9.155 198
3.549 0.009 9.176 197
3.555 0.017 9.175 197
3.558 0.016 9.155 197
3.557 0.012 9.179 198
3.553 0.011 9.166 197
3.558 0.014 9.169 197
3.559 0.009 9.16 197
3.557 0.006 9.152 198
3.554 0.008 9.16 197
3.553 0.021 9.16 197
3.558 0.016 9.162 197
3.557 0.023 9.168 198
3.56 0.015 9.169 197
3.551 0.02 9.164 197
3.559 0.01 9.168 197
3.555 0.016 9.168 198
3.557 0.008 9.162 197
3.551 0.015 9.162 197
3.57 0.015 9.173 197
3.56 0.012 9.161 198
3.551 0.011 9.162 197
3.552 0.016 9.166 197
3.554 0.012 9.166 197
3.549 0.016 9.162 198
3.553 0.01 9.178 197
3.551 0.018 9.164 197
3.557 0.014 9.162 197
3.555 0.022 9.172 198
3.561 0.009 9.152 197
3.559 0.005 9.16 197
3.549 0.012 9.172 197
3.552 0.002 9.164 198
3.564 0.012 9.164 197
3.552 0.014 9.173 197
3.549 0.005 9.166 197
3.563 0.01 9.164 198
3.553 0.015 9.167 197
3.547 0.011 9.152 197
3.565 0.015 9.168 197
3.549 0.01 9.166 198
3.555 0.009 9.18 197
3.553 0.006 9.161 197
3.557 0.008 9.166 197
3.561 0.006 9.169 198
3.557 0.015 9.169 197
3.557 0.014 9.162 197
3.553 0.015 9.155 197
3.565 0.018 9.152 198
3.56 0.016 9.179 197
3.554 0.021 9.163 197
3.558 0.021 9.17 197
3.551 0.011 9.155 198
3.554 0.012 9.163 197
3.555 0.014 9.17 197
3.557 0.006 9.152 198
3.558 0.016 9.173 197
3.555 0.006 9.161 197
3.547 0.009 9.182 197
3.555 0.02 9.161 198
3.558 0.012 9.164 197
3.558 0.012 9.161 197
3.549 0.016 9.17 197
3.564 0.005 9.167 198
3.553 0.017 9.16 197
3.555 0.01 9.167 197
3.56 0.009 9.167 197
3.552 0.015 9.167 198
3.552 0.021 9.17 197
3.563 0.021 9.161 197
3.559 0.009 9.172 198
3.537 0.017 9.173 197
3.553 0.008 9.174 197
3.559 0.015 9.156 197
3.557 0.01 9.167 198
3.551 0.022 9.164 197
3.555 0.01 9.168 197
3.56 0.014 9.175 198
3.559 0.016 9.168 197
3.553 0.015 9.164 197
3.557 0.018 9.173 197
3.555 0.016 9.146 198
3.558 0.008 9.17 197
3.563 0.01 9.167 197
3.557 0.014 9.167 197
3.543 0.014 9.164 198
3.561 0.021 9.157 197
3.552 0.005 9.172 197
3.553 0.011 9.151 197
3.522 -0.015 9.173 197
3.518 -0.018 9.186 197
3.516 -0.011 9.178 197
3.518 -0.014 9.175 197
3.506 -0.019 9.195 198
3.527 -0.025 9.188 197
3.529 -0.007 9.174 197
3.527 0.033 9.17 197
3.582 -0.02 9.166 198
3.541 0.016 9.157 197
3.551 -0.017 9.156 197
3.559 0.0 9.168 197
3.548 0.004 9.151 197
3.473 0.061 9.191 198
3.555 -0.006 9.172 197
3.561 0.01 9.169 197
3.553 0.005 9.158 198
3.559 0.01 9.169 197
3.558 0.018 9.178 197
3.565 0.014 9.161 197
3.558 0.01 9.168 198
3.557 0.009 9.173 197
3.553 0.011 9.149 197
3.547 0.022 9.167 197
3.554 0.016 9.161 198
3.554 0.01 9.158 197
3.552 0.022 9.16 197
3.548 0.023 9.16 197
3.561 0.012 9.17 197
3.548 0.014 9.164 198
3.558 0.015 9.179 197
3.564 0.014 9.162 197
3.553 0.011 9.151 197
3.565 0.008 9.168 198
3.561 0.015 9.163 197
3.56 0.009 9.168 197
3.57 0.018 9.152 197
3.553 0.01 9.163 198
3.553 0.014 9.157 197
3.555 0.011 9.174 197
3.548 0.01 9.163 198
3.56 0.01 9.179 197
3.557 0.015 9.161 197
3.555 0.004 9.16 197
3.551 0.021 9.172 197
3.567 0.01 9.16 198
3.558 0.018 9.166 197
3.557 0.014 9.169 197
3.555 0.017 9.172 197
3.561 0.016 9.166 198
3.552 0.01 9.173 197
3.557 0.003 9.175 197
3.551 0.005 9.175 197
3.558 0.011 9.158 198
3.553 0.01 9.176 197
3.558 0.026 9.168 197
3.552 0.011 9.167 198
3.558 0.011 9.157 197
3.552 0.01 9.144 197
3.557 0.011 9.168 197
3.553 0.015 9.156 197
3.56 0.022 9.175 198
3.536 0.02 9.185 197
3.557 0.005 9.167 197
3.555 0.016 9.174 197
3.565 0.016 9.172 198
3.545 0.02 9.166 197
3.555 0.014 9.161 197
3.56 0.011 9.172 197
3.564 0.011 9.158 198
3.551 0.011 9.163 197
3.551 0.015 9.157 197
3.553 0.01 9.158 197
3.553 0.008 9.152 198
3.559 0.021 9.157 197
3.558 0.012 9.161 197
3.554 0.018 9.158 198
3.554 0.012 9.167 197
3.554 0.012 9.167 197
3.56 0.008 9.169 197
3.546 0.012 9.168 198
3.566 0.018 9.17 197
3.559 0.004 9.164 197
3.555 0.022 9.166 197
3.546 0.011 9.168 198
3.549 0.014 9.169 197
3.554 0.005 9.167 197
3.554 0.005 9.175 197
3.563 0.002 9.172 197
3.555 0.015 9.161 198
3.56 0.012 9.161 197
3.571 0.011 9.169 197
3.558 0.021 9.175 197
3.563 0.011 9.158 197
3.555 0.02 9.166 198
3.561 0.005 9.168 199
3.563 0.009 9.174 195
3.557 0.02 9.162 197
3.563 0.011 9.163 197
3.56 0.023 9.166 197
3.553 0.01 9.154 198
3.554 0.009 9.174 197
3.559 0.023 9.163 197
3.555 0.01 9.161 197
3.561 0.018 9.181 197
3.559 0.003 9.149 198
3.563 0.014 9.155 197
3.567 0.02 9.161 197
3.543 0.011 9.167 197
3.559 0.017 9.176 197
3.563 0.006 9.169 197
3.56 0.023 9.157 197
3.552 0.009 9.175 198
3.557 0.017 9.16 197
3.557 0.016 9.162 197
3.559 0.022 9.166 197
3.553 0.01 9.191 197
3.555 0.003 9.179 197
3.56 0.017 9.164 197
3.564 0.011 9.169 197
3.554 0.017 9.172 198
3.559 0.01 9.161 197
3.558 0.017 9.162 197
3.557 0.008 9.178 197
3.551 0.012 9.172 197
3.557 0.012 9.16 198
3.557 0.01 9.172 197
3.56 0.006 9.172 197
3.552 0.02 9.161 197
3.554 0.024 9.178 197
3.555 0.02 9.161 198
3.551 0.003 9.167 197
3.554 0.016 9.166 197
3.554 0.016 9.162 197
3.554 0.015 9.17 197
3.564 0.015 9.152 197
3.553 0.014 9.167 198
3.558 0.011 9.182 197
3.555 0.004 9.168 197
3.548 0.012 9.173 197
3.56 0.002 9.156 197
3.56 0.015 9.161 200
3.561 0.014 9.155 195
3.557 0.015 9.169 197
3.566 0.011 9.166 197
3.559 0.008 9.161 197
3.548 0.014 9.176 198
3.558 0.004 9.172 197
3.548 0.015 9.163 197
3.559 0.02 9.167 197
3.561 0.011 9.163 198
3.555 0.011 9.161 197
3.557 0.006 9.161 197
3.555 0.008 9.163 197
3.559 0.012 9.163 198
3.554 0.014 9.161 197
3.553 0.016 9.166 197
3.558 0.016 9.169 197
3.552 0.016 9.162 198
3.559 0.016 9.156 197
3.559 0.015 9.189 197
3.553 0.005 9.161 197
3.551 0.016 9.158 198
3.558 0.005 9.184 197
3.557 0.008 9.172 197
3.554 0.012 9.172 197
3.557 0.021 9.169 197
3.561 0.014 9.162 198
3.548 0.005 9.164 197
3.559 0.002 9.164 197
3.553 0.012 9.175 197
3.553 0.016 9.167 197
3.558 0.015 9.162 198
3.559 0.016 9.16 197
3.558 0.015 9.154 197
3.552 0.009 9.146 197
3.555 0.01 9.169 197
3.555 0.012 9.175 198
3.549 0.016 9.169 197
3.549 0.014 9.162 197
3.555 0.008 9.156 197
3.558 0.014 9.168 197
3.56 0.002 9.144 198
3.557 0.002 9.164 197
3.553 0.008 9.161 197
3.557 0.01 9.176 197
3.552 0.002 9.174 198
3.555 0.021 9.158 197
3.56 0.022 9.172 197
3.558 0.018 9.167 197
3.554 0.009 9.163 198
3.558 0.011 9.17 197
3.558 0.015 9.162 197
3.56 0.017 9.167 197
3.555 0.006 9.166 198
3.555 0.01 9.162 197
3.558 0.022 9.174 197
3.554 0.015 9.161 197
3.545 0.012 9.157 198
3.549 0.01 9.164 197
3.555 0.005 9.161 197
3.558 0.011 9.157 197
3.558 0.014 9.168 198
3.551 0.018 9.166 197
3.557 0.018 9.157 197
3.554 0.02 9.167 198
3.563 0.012 9.175 197
3.555 0.018 9.167 197
3.563 0.008 9.166 197
3.546 0.016 9.158 198
3.558 0.022 9.167 197
3.558 0.015 9.161 197
3.547 0.02 9.168 197
3.555 0.01 9.155 197
3.551 0.014 9.174 198
3.557 0.017 9.166 197
3.552 0.011 9.157 197
3.545 0.006 9.175 197
3.559 0.015 9.161 198
3.56 0.008 9.168 197
3.546 0.023 9.169 197
3.557 0.012 9.174 197
3.557 0.018 9.154 197
3.554 0.008 9.16 198
3.557 0.01 9.166 197
3.56 0.017 9.155 197
3.558 0.009 9.164 198
3.555 0.016 9.162 197
3.56 0.004 9.174 197
3.558 0.014 9.152 197
3.548 0.012 9.172 197
3.559 0.028 9.156 198
3.547 0.006 9.179 197
3.561 0.008 9.167 197
3.546 0.02 9.168 197
3.563 0.016 9.146 198
3.554 0.008 9.169 197
3.559 0.018 9.157 197
3.56 0.015 9.169 197
3.555 0.01 9.163 198
3.553 0.012 9.164 197
3.554 0.009 9.18 197
3.54 0.016 9.18 197
3.555 0.008 9.155 198
3.548 0.011 9.168 197
3.545 0.02 9.155 197
3.557 0.006 9.163 197
3.559 0.011 9.149 197
3.549 0.02 9.172 198
3.558 0.006 9.161 197
3.557 0.015 9.167 197
3.563 0.021 9.157 197
3.565 0.016 9.169 197
3.564 0.008 9.169 198
3.548 0.02 9.162 197
3.565 0.015 9.18 197
3.563 0.016 9.172 197
3.559 0.018 9.158 198
3.555 0.005 9.17 197
3.554 0.006 9.139 197
3.548 0.017 9.16 198
3.549 0.015 9.164 197
3.549 0.014 9.166 197
3.551 0.01 9.156 197
3.555 0.016 9.164 198
3.555 0.022 9.158 197
3.561 0.01 9.168 197
3.545 0.014 9.161 197
3.547 0.01 9.168 198
3.564 0.009 9.162 197
3.554 0.006 9.166 197
3.553 0.01 9.174 198
3.555 0.017 9.157 197
3.561 0.005 9.162 197
3.557 0.009 9.17 197
3.552 0.027 9.174 198
3.553 0.011 9.16 197
3.56 0.006 9.158 197
3.558 0.006 9.176 197
3.553 0.017 9.157 198
3.563 0.017 9.155 197
3.553 0.015 9.17 197
3.564 0.011 9.166 198
3.549 0.012 9.173 197
3.551 -0.005 9.163 197
3.558 0.015 9.18 197
3.566 0.011 9.152 198
3.554 0.036 9.16 197
3.557 0.023 9.144 197
3.565 0.006 9.172 197
3.555 0.014 9.164 198
3.551 0.011 9.161 135
3.559 -0.007 9.145 20
3.571 -0.007 9.156 19
3.552 0.021 9.151 20
3.552 0.022 9.169 20
3.566 0.028 9.152 19
3.56 0.021 9.139 20
3.558 0.027 9.175 20
3.561 0.005 9.143 20
3.559 0.0 9.167 19
3.557 0.002 9.18 20
3.564 0.005 9.15 20
3.554 0.039 9.184 20
3.554 0.01 9.17 19
3.541 0.024 9.16 20
3.546 0.012 9.193 20
3.551 0.004 9.158 20
3.561 0.008 9.179 19
3.555 0.029 9.176 20
3.554 0.008 9.152 20
3.554 0.024 9.179 19
3.56 0.038 9.191 20
3.555 0.024 9.136 20
3.563 0.027 9.156 20
3.561 0.0 9.151 19
3.542 0.0 9.169 20
3.547 0.008 9.197 20
3.553 0.024 9.187 20
3.557 0.02 9.168 19
3.545 0.003 9.174 20
3.558 0.014 9.161 20
3.573 0.015 9.167 19
3.567 0.017 9.158 20
3.541 0.005 9.144 20
3.557 0.022 9.158 20
3.563 0.005 9.17 19
3.557 0.016 9.186 20
3.563 0.009 9.164 20
3.548 0.012 9.174 20
3.567 0.017 9.175 19
3.549 0.016 9.169 43
3.552 0.028 9.155 19
3.566 0.023 9.156 20
3.547 0.021 9.164 20
3.543 0.018 9.161 20
3.561 0.021 9.154 19
3.543 0.032 9.156 20
3.551 0.016 9.14 20
3.551 0.016 9.173 20
3.56 0.03 9.158 19
3.542 0.008 9.144 20
3.541 0.015 9.152 20
3.565 0.021 9.148 19
3.552 0.024 9.168 20
3.573 0.015 9.163 20
3.548 0.024 9.179 20
3.561 0.011 9.186 19
3.566 0.033 9.21 20
3.567 0.032 9.181 20
3.567 0.012 9.182 20
3.548 0.026 9.186 19
3.54 0.022 9.18 20
3.539 0.006 9.192 20
3.537 0.011 9.164 19
3.547 0.009 9.178 20
3.543 0.016 9.167 20
3.552 0.015 9.204 20
3.551 0.0 9.154 19
3.563 0.011 9.139 20
3.547 0.015 9.146 20
3.546 0.008 9.17 19
3.539 -0.007 9.161 20
3.561 0.014 9.167 20
3.554 0.023 9.137 20
3.552 0.006 9.163 19
3.564 0.014 9.191 20
3.567 0.012 9.189 20
3.548 0.02 9.162 19
3.558 0.033 9.182 20
3.565 0.0 9.175 20
3.541 0.026 9.145 20
3.56 0.01 9.176 19
3.563 0.008 9.163 20
3.567 0.02 9.124 20
3.549 0.018 9.186 20
3.552 0.023 9.178 19
3.565 0.008 9.143 20
3.557 0.024 9.16 20
3.561 0.038 9.162 19
3.566 0.021 9.172 20
3.551 0.033 9.173 20
3.549 0.016 9.18 20
3.559 0.008 9.149 19
3.551 0.0 9.176 20
3.554 0.024 9.178 20
3.554 0.022 9.148 19
3.547 0.02 9.174 20
3.547 0.006 9.198 20
3.557 0.023 9.201 20
3.546 0.006 9.172 19
3.552 0.032 9.18 20
3.549 0.006 9.18 20
3.569 0.011 9.178 20
3.545 0.005 9.151 19
3.552 0.047 9.161 20
3.546 0.018 9.155 20
3.565 0.014 9.197 19
3.56 0.034 9.162 20
3.563 0.005 9.158 20
3.555 0.009 9.157 20
3.553 0.0 9.148 19
3.56 0.01 9.157 20
3.569 0.003 9.154 20
3.557 0.026 9.169 20
3.546 0.0 9.178 19
3.552 0.018 9.151 20
3.555 0.017 9.139 20
3.552 -0.003 9.178 19
3.541 0.011 9.174 20
3.555 0.012 9.167 20
3.571 0.021 9.167 20
3.551 0.027 9.157 19
3.539 0.017 9.174 20
3.549 0.021 9.172 20
3.56 0.016 9.169 19
3.552 0.008 9.176 20
3.552 0.004 9.155 20
3.558 0.026 9.182 20
3.548 0.018 9.193 19
3.537 0.021 9.152 20
3.554 0.018 9.142 20
3.574 0.017 9.161 20
3.564 0.022 9.192 19
3.549 0.015 9.175 20
3.539 0.0 9.17 20
3.551 0.014 9.17 19
3.564 0.017 9.145 20
3.571 0.023 9.154 20
3.559 0.004 9.142 20
3.549 0.005 9.18 19
3.554 0.012 9.191 20
3.536 0.015 9.164 20
3.54 0.01 9.167 20
3.554 -0.009 9.155 19
3.557 0.011 9.166 20
3.555 0.012 9.134 20
3.552 0.022 9.148 19
3.545 0.003 9.176 20
3.572 0.012 9.145 20
3.569 0.017 9.158 20
3.559 0.018 9.166 19
3.539 0.01 9.2 20
3.541 0.02 9.169 20
3.566 0.021 9.146 20
3.543 0.004 9.185 19
3.539 0.011 9.193 20
3.552 0.0 9.173 20
3.553 0.014 9.161 19
3.558 0.022 9.189 20
3.56 0.027 9.172 20
3.559 0.024 9.14 20
3.545 0.021 9.161 19
3.547 0.023 9.175 20
3.548 0.002 9.175 20
3.554 0.0 9.157 20
3.559 0.01 9.15 19
3.546 0.038 9.175 20
3.536 0.016 9.176 20
3.551 0.002 9.158 19
3.563 0.029 9.145 20
3.553 -0.001 9.154 20
3.558 0.018 9.157 20
3.558 -0.009 9.157 19
3.572 0.017 9.189 20
3.542 0.014 9.154 20
3.546 0.021 9.176 20
3.56 -0.003 9.158 19
3.525 -0.001 9.169 20
3.564 0.014 9.18 20
3.549 0.01 9.133 19
3.551 -0.001 9.154 20
3.553 0.003 9.142 20
3.565 0.014 9.126 20
3.546 0.0 9.164 19
3.53 0.021 9.144 20
3.553 0.028 9.144 20
3.551 0.005 9.156 20
3.543 0.004 9.157 19
3.542 -0.002 9.167 20
3.553 0.006 9.152 20
3.56 0.02 9.146 19
3.53 0.014 9.184 20
3.552 0.017 9.157 20
3.567 0.005 9.142 20
3.561 0.003 9.175 19
3.56 -0.001 9.152 20
3.558 -0.002 9.178 20
3.545 0.012 9.191 20
3.557 0.008 9.178 19
3.543 0.02 9.15 20
3.569 0.012 9.156 20
3.536 0.018 9.162 19
3.547 0.002 9.173 20
3.557 0.018 9.125 20
3.557 -0.002 9.167 20
3.553 0.005 9.178 19
3.552 0.018 9.156 20
3.572 0.002 9.158 20
3.557 0.005 9.184 20
3.57 -0.008 9.169 19
3.558 0.02 9.162 20
3.548 0.026 9.151 20
3.539 0.021 9.182 20
3.549 0.005 9.164 19
3.549 0.015 9.168 20
3.548 0.01 9.176 20
3.551 0.018 9.146 19
3.552 0.02 9.176 20
3.561 0.006 9.169 20
3.558 0.022 9.161 20
3.548 0.008 9.168 19
3.546 0.012 9.137 20
3.555 0.0 9.145 20
3.56 0.011 9.14 20
3.566 0.008 9.139 19
3.557 0.005 9.16 20
3.551 0.02 9.174 20
3.557 0.016 9.154 19
3.546 0.006 9.166 20
3.557 0.012 9.161 20
3.549 0.0 9.162 200
3.548 0.014 9.16 197
3.561 0.016 9.155 198
3.554 0.014 9.168 197
3.545 0.011 9.176 197
3.551 0.014 9.151 198
3.555 0.022 9.162 197
3.56 0.018 9.164 197
3.555 0.021 9.168 197
3.564 0.008 9.167 198
3.555 0.02 9.161 197
3.559 0.014 9.176 197
3.551 0.006 9.168 198
3.552 0.008 9.161 197
3.553 0.016 9.179 197
3.555 0.005 9.175 197
3.549 0.016 9.172 198
3.549 0.008 9.162 197
3.554 0.012 9.162 197
3.551 0.008 9.181 197
3.565 0.016 9.163 198
3.537 0.016 9.158 197
3.537 0.004 9.166 197
3.554 0.009 9.164 198
3.558 0.021 9.162 197
3.561 -0.003 9.15 136
3.543 0.028 9.15 20
3.552 0.0 9.178 20
3.559 0.02 9.191 19
3.557 0.041 9.167 20
3.563 0.004 9.166 20
3.536 0.026 9.193 19
3.56 0.009 9.191 20
3.553 0.0 9.134 20
3.554 0.018 9.151 20
3.549 0.008 9.187 19
3.565 0.011 9.163 20
3.547 0.016 9.166 20
3.546 0.012 9.193 20
3.549 -0.014 9.166 19
3.56 0.002 9.175 20
3.565 0.02 9.154 20
3.565 -0.002 9.189 19
3.552 0.009 9.18 20
3.558 0.0 9.13 20
3.534 0.024 9.163 20
3.565 0.01 9.162 19
3.543 0.006 9.175 20
3.536 0.02 9.16 20
3.557 0.017 9.161 20
3.536 0.011 9.168 19
3.557 0.004 9.186 20
3.546 0.015 9.163 20
3.551 0.01 9.158 19
3.535 0.016 9.15 20
3.563 0.018 9.17 20
3.557 0.015 9.146 20
3.539 0.003 9.169 19
3.542 0.041 9.169 20
3.557 0.018 9.154 20
3.567 0.018 9.188 19
3.563 0.029 9.192 20
3.561 0.005 9.169 20
3.548 -0.008 9.156 20
3.548 0.021 9.166 19
3.549 0.026 9.162 20
3.558 0.017 9.137 20
3.565 0.02 9.162 19
3.563 0.02 9.181 20
3.558 0.029 9.178 20
3.553 0.012 9.16 20
3.549 0.017 9.178 19
3.565 0.006 9.157 20
3.555 0.014 9.168 20
3.557 0.02 9.155 19
3.551 0.012 9.174 20
3.563 -0.001 9.157 20
3.567 0.011 9.144 20
3.553 0.003 9.154 19

3.553 0.018 9.151 20
3.557 -0.001 9.192 20
3.546 0.012 9.14 20
3.548 0.017 9.156 19
3.561 0.016 9.194 20
3.559 0.009 9.184 20
3.547 -0.009 9.156 19
3.541 -0.002 9.174 20
3.553 0.021 9.156 20
3.548 0.016 9.144 20
3.554 0.021 9.179 19
3.552 0.033 9.172 20
3.551 0.012 9.172 20
3.537 0.015 9.194 19
3.537 0.027 9.195 20
3.543 0.0 9.187 20
3.559 0.023 9.184 20
3.551 0.006 9.164 19
3.571 0.0 9.158 20
3.553 0.033 9.189 20
3.553 -0.002 9.15 19
3.558 0.02 9.181 20
3.566 0.009 9.164 20
3.578 0.006 9.156 20
3.542 0.012 9.166 19
3.541 0.002 9.182 20
3.558 0.012 9.201 20
3.559 0.01 9.173 20
3.557 -0.001 9.173 19
3.56 0.01 9.174 20
3.567 0.015 9.178 20
3.569 -0.006 9.178 19
3.563 0.018 9.16 20
3.552 0.011 9.158 20
3.564 -0.014 9.157 20
3.534 0.023 9.176 19
3.566 0.011 9.175 20
3.56 0.01 9.192 20
3.547 0.018 9.178 20
3.57 0.02 9.157 19
3.561 -0.002 9.18 20
3.54 -0.007 9.169 20
3.56 0.008 9.151 19
3.547 0.008 9.134 20
3.541 0.003 9.155 20
3.545 0.034 9.14 20
3.566 0.026 9.152 19
3.558 0.016 9.168 20
3.566 0.002 9.168 20
3.549 -0.005 9.164 19
3.547 0.01 9.172 20
3.545 0.012 9.178 20
3.555 0.034 9.161 20
3.554 0.011 9.161 19
3.542 0.002 9.185 20
3.546 0.01 9.146 20
3.549 0.029 9.166 19
3.57 0.018 9.168 20
3.557 0.017 9.176 20
3.552 0.017 9.162 20
3.559 0.014 9.187 19
3.557 0.017 9.161 20
3.565 0.006 9.144 20
3.566 0.0 9.162 19
3.574 0.006 9.163 20
3.559 0.016 9.182 20
3.548 0.02 9.155 20
3.557 0.008 9.178 19
3.571 0.012 9.164 20
3.547 0.002 9.186 20
3.552 0.004 9.149 20
3.578 0.01 9.184 19
3.549 0.027 9.17 20
3.552 0.03 9.174 20
3.558 0.005 9.176 19
3.557 0.0 9.179 20
3.548 0.012 9.17 20
3.551 0.006 9.139 20
3.558 0.02 9.161 19
3.552 0.006 9.157 20
3.545 0.012 9.142 20
3.548 0.009 9.181 19
3.559 0.014 9.179 20
3.542 0.011 9.18 20
3.546 0.035 9.164 20
3.549 -0.003 9.162 19
3.522 -0.015 9.173 197
3.518 -0.018 9.186 197
3.516 -0.011 9.178 197
3.518 -0.014 9.175 197
3.506 -0.019 9.195 198
3.527 -0.025 9.188 197
3.529 -0.007 9.174 197
3.527 0.033 9.17 197
3.582 -0.02 9.166 198
3.541 0.016 9.157 197
3.551 -0.017 9.156 197
3.559 0.0 9.168 197
3.548 0.004 9.151 197
3.473 0.061 9.191 198
3.555 -0.006 9.172 197
3.561 0.01 9.169 197
3.555 0.011 9.181 198
3.559 0.009 9.161 197
3.549 0.008 9.176 20
3.567 -0.002 9.154 20
3.545 0.016 9.172 19
3.549 0.01 9.161 20
3.543 -0.014 9.16 20
3.578 0.011 9.179 20
3.57 0.011 9.163 19
3.565 0.022 9.178 20
3.561 0.015 9.16 20
3.571 0.014 9.155 19
3.564 0.027 9.18 20
3.563 0.009 9.175 20
3.567 0.017 9.128 20
3.558 0.016 9.164 19
3.555 0.012 9.16 20
3.559 0.016 9.162 20
3.536 0.016 9.167 20
3.533 0.018 9.151 19
3.552 -0.005 9.16 20
3.549 0.016 9.155 20
3.551 0.003 9.187 19
3.573 0.008 9.161 20
3.56 -0.011 9.164 20
3.558 0.011 9.156 20
3.571 0.006 9.186 19
3.564 0.024 9.162 20
3.547 0.021 9.173 20
3.56 0.015 9.168 19
3.549 0.012 9.169 20
3.56 0.003 9.144 20
3.565 0.023 9.148 20
3.549 0.002 9.144 19
3.546 0.011 9.173 20
3.542 0.017 9.174 20
3.553 0.022 9.164 20
3.565 0.018 9.166 19
3.551 0.009 9.158 20
3.557 0.0 9.18 20
3.565 0.008 9.162 19
3.565 -0.005 9.172 20
3.569 0.017 9.178 20
3.565 0.0 9.157 20
3.535 0.01 9.167 19
3.547 0.008 9.17 20
3.567 -0.006 9.169 20
3.552 0.0 9.146 19
3.554 0.012 9.172 20
3.549 0.006 9.161 20
3.552 0.016 9.157 20
3.555 0.022 9.151 19
3.553 0.018 9.167 201
3.552 0.016 9.151 197
3.558 0.016 9.182 197
3.56 0.006 9.175 197
3.555 0.02 9.143 197
3.557 0.011 9.174 198
3.548 0.014 9.164 197
3.558 0.009 9.172 197
3.548 0.022 9.182 197
3.555 0.01 9.16 197
3.554 0.009 9.162 197
3.56 0.011 9.169 198
3.558 0.011 9.162 197
3.563 0.02 9.151 197
3.553 0.008 9.151 197
3.558 0.01 9.187 197
3.549 0.021 9.158 198
3.564 0.021 9.176 197
3.557 0.012 9.167 197
3.549 0.01 9.172 197
3.553 0.02 9.163 197
3.543 0.02 9.152 198
3.553 -0.002 9.163 197
3.535 0.018 9.174 197
3.549 0.015 9.194 197
3.564 0.023 9.162 145
3.547 0.017 9.161 20
3.572 -0.003 9.184 20
3.552 0.005 9.158 19
3.561 0.028 9.149 20
3.56 0.011 9.16 20
3.543 0.011 9.164 20
3.533 0.022 9.143 19
3.553 0.009 9.17 20
3.578 0.009 9.178 20
3.557 0.011 9.158 19
3.549 0.0 9.181 20
3.56 0.0 9.144 20
3.545 0.028 9.158 20
3.547 0.017 9.162 19
3.553 0.026 9.154 20
3.569 0.029 9.155 20
3.563 0.011 9.144 20
3.549 0.0 9.157 19
3.548 0.017 9.192 20
3.551 0.008 9.189 20
3.558 0.008 9.132 19
3.53 0.017 9.142 20
3.564 0.006 9.161 20
3.553 0.021 9.184 20
3.553 0.005 9.167 19
3.545 0.018 9.178 20
3.571 0.011 9.191 20
3.563 0.022 9.193 20
3.565 0.027 9.178 19
3.555 0.023 9.169 20
3.551 0.021 9.174 20
3.537 0.016 9.201 20
3.534 0.005 9.155 19
3.551 0.023 9.178 20
3.57 0.032 9.151 20
3.563 0.01 9.193 19
3.56 0.017 9.185 20
3.551 0.008 9.187 20
3.561 -0.013 9.176 20
3.551 -0.011 9.174 19
3.548 0.015 9.162 20
3.549 0.005 9.149 20
3.565 0.006 9.2 20
3.543 0.018 9.173 197
3.561 0.003 9.168 197
3.552 0.009 9.174 197
3.559 0.017 9.158 198
3.553 0.01 9.184 197
3.558 0.009 9.161 197
3.554 0.012 9.163 197
3.558 0.012 9.168 198
3.557 0.014 9.17 197
3.557 0.011 9.172 197
3.561 0.01 9.157 197
3.553 0.005 9.166 198
3.557 0.017 9.158 197
3.563 0.014 9.161 197
3.548 0.011 9.168 197
3.561 0.015 9.18 198
3.555 0.015 9.169 197
3.543 0.017 9.164 197
3.559 0.012 9.162 197
3.547 0.015 9.167 198
3.559 0.015 9.181 197
3.565 0.011 9.173 197
3.56 0.024 9.169 197
3.558 0.012 9.169 198
3.558 0.02 9.172 197
3.553 0.006 9.161 197
3.557 0.01 9.169 197
3.563 0.006 9.146 19
3.559 0.027 9.174 20
3.57 0.028 9.172 20
3.559 0.021 9.151 19
3.56 -0.002 9.151 20
3.552 0.016 9.179 20
3.574 0.026 9.185 20
3.557 0.036 9.145 19
3.554 0.01 9.163 20
3.546 0.027 9.152 20
3.546 0.024 9.179 20
3.541 0.011 9.169 19
3.536 0.006 9.16 20
3.546 0.011 9.174 20
3.545 0.01 9.151 20
3.54 0.029 9.138 19
3.549 0.027 9.174 20
3.564 0.014 9.168 20
3.546 0.017 9.188 19
3.564 0.002 9.145 20
3.553 0.015 9.168 20
3.542 0.029 9.173 20
3.554 0.026 9.176 19
3.551 0.016 9.134 20
3.551 0.005 9.16 20
3.569 0.015 9.149 20
3.548 0.015 9.174 19
3.557 0.017 9.155 20
3.571 -0.009 9.155 20
3.572 0.009 9.184 19
3.554 0.011 9.17 20
3.555 0.03 9.166 20
3.574 0.024 9.175 20
3.534 0.004 9.154 19
3.524 0.026 9.15 20
3.536 0.024 9.144 20
3.551 0.005 9.139 20
3.564 0.016 9.167 19
3.553 0.017 9.132 20
3.548 0.008 9.178 20
3.554 0.01 9.155 19
3.567 0.002 9.128 20
3.537 0.015 9.146 20
3.552 0.034 9.139 20
3.569 0.023 9.168 19
3.558 0.0 9.166 20
3.547 0.011 9.158 20
3.574 0.011 9.189 20
3.551 0.02 9.16 19
3.554 0.017 9.179 20
3.565 0.026 9.176 20
3.558 0.021 9.181 19
3.57 0.003 9.18 20
3.552 0.005 9.149 20
3.563 -0.012 9.15 20
3.57 0.009 9.176 19
3.569 -0.011 9.158 20
3.549 -0.007 9.166 20
3.563 0.015 9.184 20
3.558 0.021 9.189 19
3.552 -0.006 9.162 20
3.56 0.018 9.163 20
3.552 0.023 9.16 20
3.57 0.008 9.18 19
3.563 0.005 9.179 20
3.557 0.009 9.195 20
3.554 0.005 9.193 19
3.571 0.028 9.186 20
3.557 0.017 9.148 20
3.54 0.016 9.188 20
3.539 0.02 9.181 19
3.552 0.008 9.164 20
3.546 0.006 9.155 20
3.546 0.011 9.162 20
3.564 0.017 9.169 19
3.563 0.01 9.161 20
3.578 0.022 9.16 20
3.549 0.016 9.148 19
3.563 0.04 9.122 20
3.571 0.023 9.145 20
3.549 0.014 9.181 20
3.57 0.018 9.168 19
3.552 -0.012 9.148 20
3.552 0.0 9.169 20
3.567 0.018 9.156 20
3.552 0.032 9.151 19
3.557 0.017 9.14 20
3.542 0.01 9.145 20
3.574 0.016 9.157 19
3.553 0.003 9.198 20
3.547 -0.001 9.134 20
3.555 0.004 9.174 20
3.554 0.0 9.179 19
3.557 0.012 9.168 20
3.552 0.016 9.169 20
3.553 0.02 9.179 20
3.548 0.024 9.161 19
3.571 0.02 9.156 20
3.537 0.023 9.146 20
3.547 0.01 9.168 19
3.559 0.006 9.163 20
3.564 0.015 9.154 20
3.557 0.014 9.182 20
3.58 0.006 9.169 19
3.557 0.003 9.17 20
3.552 0.011 9.166 20
3.555 0.0 9.191 20
3.565 0.003 9.182 19
3.551 0.018 9.163 20
3.546 0.033 9.173 20
3.546 0.018 9.145 19
3.559 0.023 9.149 20
3.546 0.006 9.149 20
3.554 0.02 9.176 20
3.552 0.008 9.167 19
3.552 0.009 9.132 20
3.54 0.014 9.148 20
3.552 0.008 9.158 20
3.54 0.002 9.172 19
3.566 0.011 9.152 20
3.567 0.018 9.146 20
3.553 0.006 9.167 19
3.548 0.016 9.155 20
3.571 0.014 9.145 20
3.555 -0.001 9.146 20
3.555 -0.005 9.192 19
3.554 0.017 9.152 20
3.543 0.004 9.185 20
3.559 0.015 9.191 20
3.557 0.017 9.172 19
3.557 0.021 9.187 20
3.561 0.018 9.169 20
3.557 0.015 9.17 20
3.563 0.011 9.16 19
3.557 0.027 9.15 20
3.552 -0.007 9.184 20
3.545 0.002 9.176 19
3.574 -0.005 9.17 20
3.567 0.018 9.163 20
3.569 0.006 9.155 20
3.554 0.021 9.186 19
3.545 0.028 9.172 20
3.557 0.01 9.174 20
3.545 0.008 9.143 20
3.558 0.006 9.173 19
3.553 0.01 9.166 20
3.566 0.023 9.18 200
3.553 0.015 9.164 198
3.558 0.016 9.166 197
3.553 0.018 9.167 197
3.555 0.014 9.162 197
3.559 0.009 9.164 198
3.554 0.009 9.175 197
3.553 0.016 9.157 197
3.558 0.017 9.156 198
3.551 0.01 9.163 197
3.565 0.009 9.179 197
3.551 0.012 9.155 197
3.557 0.018 9.169 198
3.552 0.005 9.162 197
3.557 0.008 9.167 197
3.554 0.018 9.173 198
3.563 0.022 9.172 197
3.554 0.018 9.166 197
3.56 0.008 9.172 197
3.558 0.002 9.158 198
3.555 0.008 9.151 197
3.557 0.015 9.161 197
3.561 0.005 9.151 197
3.554 0.015 9.164 198
3.564 0.012 9.172 197
3.548 0.005 9.176 197
3.555 0.016 9.168 198
3.551 0.012 9.174 197
3.549 0.022 9.161 197
3.563 0.012 9.174 198
3.559 0.014 9.158 197
3.547 0.017 9.173 197
3.545 0.008 9.169 198
3.558 0.009 9.164 197
3.558 0.015 9.169 197
3.548 0.006 9.169 197
3.553 0.015 9.168 198
3.554 0.016 9.186 197
3.551 0.009 9.175 197
3.553 0.018 9.166 198
3.551 0.008 9.174 197
3.555 0.012 9.164 197
3.554 0.008 9.173 197
3.553 0.014 9.158 198
3.561 -0.001 9.169 197
3.547 0.012 9.166 197
3.554 0.014 9.154 197
3.547 0.008 9.164 197
3.549 0.018 9.168 198
3.553 0.016 9.182 197
3.549 0.014 9.175 197
3.555 0.015 9.158 197
3.557 0.008 9.156 197
3.545 0.014 9.172 197
3.553 0.01 9.162 197
3.561 0.008 9.164 198
3.557 0.014 9.158 197
3.552 0.018 9.164 197
3.549 0.017 9.167 197
3.545 0.009 9.172 197
3.552 0.018 9.172 198
3.559 0.012 9.16 197
3.555 0.02 9.164 197
3.557 0.016 9.146 198
3.559 0.016 9.161 197
3.555 0.018 9.157 197
3.549 0.015 9.161 197
3.547 0.015 9.155 198
3.553 0.018 9.157 197
3.551 0.01 9.176 197
3.547 0.005 9.185 197
3.557 0.009 9.18 198
3.561 0.01 9.152 197
3.554 0.002 9.187 197
3.557 0.012 9.179 197
3.554 0.009 9.162 198
3.561 0.016 9.161 197
3.553 0.016 9.152 197
3.559 0.015 9.16 197
3.552 0.015 9.173 198
3.551 0.022 9.176 199
3.559 0.015 9.166 195
3.57 0.016 9.168 198
3.555 0.017 9.162 197
3.548 0.009 9.168 197
3.557 0.014 9.155 197
3.559 0.014 9.175 198
3.549 0.016 9.172 197
3.559 0.011 9.16 197
3.547 0.015 9.16 197
3.558 0.011 9.172 198
3.552 0.009 9.167 197
3.558 0.004 9.172 197
3.555 0.014 9.162 198
3.559 0.009 9.172 197
3.563 0.011 9.166 197
3.561 0.009 9.179 197
3.546 0.012 9.161 198
3.552 0.011 9.17 197
3.552 0.015 9.162 197
3.549 0.01 9.162 197
3.558 0.01 9.173 197
3.558 0.011 9.174 198
3.559 0.01 9.168 197
3.555 0.012 9.166 197
3.558 0.01 9.164 197
3.559 0.02 9.17 197
3.554 0.011 9.156 198
3.557 0.006 9.158 197
3.545 0.018 9.164 197
3.555 0.01 9.148 197
3.553 -0.002 9.181 197
3.558 0.015 9.158 197
3.555 0.022 9.17 197
3.551 0.01 9.162 198
3.552 0.021 9.173 197
3.546 0.016 9.169 197
3.554 0.016 9.17 197
3.554 0.012 9.175 197
3.557 0.02 9.161 197
3.555 0.011 9.154 198
3.559 0.01 9.172 197
3.539 0.02 9.155 197
3.551 0.011 9.174 197
3.559 0.01 9.157 198
3.553 0.023 9.167 197
3.553 0.018 9.143 197
3.56 0.012 9.163 197
3.554 0.02 9.162 197
3.548 0.006 9.152 198
3.551 0.005 9.164 197
3.553 0.016 9.166 197
3.552 0.021 9.161 197
3.546 0.021 9.164 197
3.549 0.01 9.169 198
3.559 0.01 9.167 197
3.554 0.016 9.166 197
3.551 0.02 9.17 197
3.559 0.02 9.173 197
3.548 0.016 9.174 198
3.555 0.014 9.172 197
3.559 0.009 9.175 197
3.549 0.017 9.168 197
3.56 0.023 9.163 197
3.548 0.014 9.156 197
3.553 0.011 9.167 197
3.549 -0.002 9.167 197
3.554 0.012 9.163 198
3.551 0.022 9.162 197
3.555 0.011 9.162 197
3.547 0.012 9.169 197
3.543 0.024 9.158 197
3.559 0.022 9.179 197
3.561 0.014 9.167 197
3.559 0.012 9.173 198
3.558 0.01 9.173 197
3.548 0.006 9.17 197
3.554 0.01 9.16 197
3.557 0.017 9.164 197
3.546 0.01 9.17 197
3.549 0.021 9.164 198
3.552 0.009 9.157 197
3.547 0.011 9.16 197
3.557 0.006 9.167 197
3.557 0.004 9.166 197
3.551 0.006 9.174 198
3.553 0.011 9.161 197
3.557 0.008 9.163 197
3.557 0.015 9.167 197
3.551 0.016 9.152 197
3.553 0.011 9.162 198
3.549 0.004 9.168 197
3.56 0.018 9.16 197
3.56 0.009 9.172 197
3.549 0.021 9.155 197
3.559 0.009 9.161 198
3.559 0.009 9.157 197
3.554 0.012 9.149 197
3.554 0.01 9.162 197
3.557 0.006 9.167 197
3.554 0.01 9.179 198
3.558 0.012 9.164 197
3.56 0.008 9.169 197
3.551 0.014 9.163 197
3.559 0.012 9.162 198
3.554 0.01 9.172 197
3.557 0.011 9.157 197
3.558 0.011 9.178 198
3.558 0.01 9.166 197
3.559 0.015 9.176 197
3.552 0.018 9.175 197
3.548 0.008 9.178 200
3.564 0.006 9.164 195
3.555 0.012 9.156 197
3.563 0.014 9.161 197
3.548 0.011 9.168 197
3.561 0.015 9.18 198
3.555 0.015 9.169 197
3.543 0.017 9.164 197
3.559 0.012 9.162 197
3.547 0.015 9.167 198
3.559 0.015 9.181 197
3.565 0.011 9.173 197
3.56 0.024 9.169 197
3.558 0.012 9.169 198
3.558 0.02 9.172 197
3.553 0.006 9.161 197
3.557 0.01 9.169 197
3.555 0.003 9.155 198
3.549 0.009 9.176 197
3.555 0.017 9.175 197
3.558 0.016 9.155 197
3.557 0.012 9.179 198
3.553 0.011 9.166 197
3.558 0.014 9.169 197
3.559 0.009 9.16 197
3.557 0.006 9.152 198
3.554 0.008 9.16 197
3.553 0.021 9.16 197
3.558 0.016 9.162 197
3.557 0.023 9.168 198
3.56 0.015 9.169 197
3.551 0.02 9.164 197
3.559 0.01 9.168 197
3.555 0.016 9.168 198
3.557 0.008 9.162 197
3.551 0.015 9.162 197
3.57 0.015 9.173 197
3.56 0.012 9.161 198
3.551 0.011 9.162 197
3.554 0.003 9.175 197
3.56 0.012 9.154 198
3.554 0.014 9.154 197
3.558 0.016 9.161 197
3.563 0.009 9.175 197
3.551 0.005 9.163 197
3.553 0.003 9.174 198
3.552 0.015 9.164 197
3.548 0.021 9.172 197
3.557 0.012 9.178 197
3.554 0.02 9.158 197
3.555 0.022 9.16 198
3.546 0.01 9.179 197
3.555 0.015 9.152 197
3.554 0.018 9.167 197
3.549 0.017 9.175 197
3.549 0.008 9.176 198
3.558 0.012 9.166 197
3.557 0.017 9.173 197
3.551 0.01 9.175 197
3.555 0.006 9.163 198
3.56 0.006 9.164 197
3.554 0.016 9.168 197
3.552 0.02 9.163 197
3.553 0.02 9.179 198
3.54 0.012 9.17 197
3.554 0.008 9.169 197
3.547 0.017 9.175 197
3.56 0.011 9.16 198
3.548 0.01 9.162 197
3.553 0.008 9.162 197
3.552 0.017 9.182 198
3.552 0.017 9.158 197
3.563 0.018 9.163 197
3.56 0.008 9.168 198
3.551 0.015 9.174 197
3.56 0.024 9.167 197
3.552 0.017 9.158 197
3.552 0.009 9.162 198
3.552 0.008 9.166 197
3.561 0.014 9.166 197
3.547 0.012 9.173 197
3.554 0.014 9.157 198
3.551 0.006 9.155 197
3.545 0.009 9.151 197
3.547 0.014 9.152 198
3.557 0.009 9.168 197
3.557 0.008 9.161 197
3.551 0.017 9.16 197
3.549 0.014 9.158 198
3.551 0.006 9.17 197
3.558 0.012 9.175 197
3.565 0.01 9.167 197
3.554 0.014 9.173 198
3.555 0.015 9.17 197
3.559 0.015 9.156 197
3.558 0.005 9.168 197
3.552 0.012 9.162 198
3.551 0.018 9.162 197
3.545 0.014 9.164 197
3.553 0.015 9.163 197
3.551 0.021 9.169 198
3.555 0.008 9.167 197
3.557 0.015 9.16 197
3.557 0.01 9.167 197
3.559 0.011 9.172 197
3.551 0.014 9.167 198
3.563 0.01 9.172 197
3.552 0.015 9.176 197
3.557 0.009 9.178 197
3.561 0.006 9.164 198
3.554 0.021 9.172 197
3.553 0.015 9.173 197
3.557 0.018 9.174 197
3.551 0.008 9.164 198
3.554 0.017 9.16 197
3.566 0.011 9.161 197
3.553 0.015 9.152 197
3.553 0.01 9.169 198
3.557 0.016 9.154 197
3.552 0.015 9.167 197
3.559 0.011 9.155 197
3.552 0.012 9.167 198
3.551 0.006 9.162 197
3.555 0.009 9.17 197
3.559 0.024 9.172 197
3.554 0.008 9.173 198
3.549 0.012 9.168 197
3.555 0.015 9.184 197
3.552 0.015 9.16 197
3.549 0.011 9.157 198
3.554 0.011 9.17 197
3.563 0.005 9.179 197
3.56 0.006 9.169 197
3.553 0.02 9.163 198
3.56 0.008 9.169 197
3.558 0.01 9.167 197
3.548 0.008 9.158 197
3.552 0.011 9.168 197
3.549 0.012 9.176 198
3.554 0.014 9.174 197
3.554 0.02 9.161 197
3.551 0.016 9.18 197
3.552 0.014 9.174 197
3.554 0.011 9.168 198
3.56 0.009 9.154 197
3.563 0.016 9.164 197
3.557 0.012 9.156 197
3.552 0.004 9.157 198
3.56 0.009 9.164 197
3.549 0.003 9.156 197
3.563 0.01 9.158 197
3.554 0.005 9.162 197
3.553 0.011 9.164 198
3.561 0.01 9.163 197
3.563 0.015 9.163 197
3.559 0.02 9.173 197
3.551 0.018 9.161 198
3.555 0.016 9.156 197
3.558 0.005 9.163 197
3.561 0.015 9.17 197
3.553 0.006 9.166 198
3.558 0.012 9.168 197
3.565 0.01 9.174 197
3.551 0.015 9.163 197
3.561 0.0 9.169 198
3.561 0.011 9.163 197
3.552 0.016 9.154 197
3.567 0.004 9.168 197
3.559 0.011 9.156 198
3.551 0.008 9.169 197
3.559 0.012 9.173 197
3.557 0.009 9.166 197
3.553 0.005 9.167 198
3.552 0.003 9.161 197
3.555 0.015 9.164 197
3.555 0.01 9.168 197
3.545 0.014 9.174 198
3.558 0.008 9.164 197
3.553 0.003 9.146 197
3.554 0.016 9.163 197
3.558 0.008 9.164 198
3.553 0.011 9.181 197
3.551 0.017 9.173 197
3.551 0.01 9.17 197
3.552 0.011 9.169 197
3.557 0.01 9.163 198
3.548 0.015 9.158 197
3.554 0.023 9.166 197
3.552 0.012 9.157 197
3.559 0.026 9.156 197
3.557 0.014 9.162 198
3.559 0.018 9.168 197
3.551 0.015 9.167 197
3.56 0.009 9.163 197
3.555 0.009 9.172 198
3.557 0.012 9.16 197
3.555 0.015 9.163 197
3.559 0.018 9.166 197
3.558 0.015 9.176 198
3.552 0.014 9.161 197
3.548 0.012 9.163 197
3.563 0.016 9.166 197
3.554 0.015 9.17 198
3.548 0.012 9.161 197
3.555 0.009 9.151 197
3.547 0.014 9.164 197
3.564 0.016 9.179 198
3.553 0.018 9.175 197
3.551 0.005 9.168 197
3.557 0.01 9.169 197
3.552 0.018 9.173 198
3.548 0.016 9.167 197
3.547 0.014 9.173 197
3.554 0.01 9.166 197
3.548 0.01 9.173 198
3.56 0.002 9.154 197
3.557 0.011 9.163 197
3.557 0.008 9.164 197
3.548 0.011 9.168 198
3.553 0.017 9.17 197
3.558 0.015 9.182 197
3.555 0.009 9.184 197
3.555 0.012 9.164 198
3.559 0.01 9.156 197
3.559 0.018 9.169 197
3.549 0.011 9.163 197
3.559 0.015 9.161 198
3.554 0.002 9.176 197
3.551 0.012 9.182 197
3.559 0.008 9.154 197
3.555 0.002 9.167 198
3.555 0.028 9.152 197
3.558 0.002 9.157 197
3.552 0.006 9.181 197
3.552 0.009 9.16 197
3.553 0.011 9.166 198
3.563 0.006 9.169 197
3.557 0.012 9.166 197
3.551 0.021 9.167 197
3.549 0.015 9.16 198
3.552 0.015 9.17 197
3.549 0.009 9.154 197
3.56 0.015 9.176 197
3.555 0.008 9.168 198
3.554 0.016 9.168 197
3.549 0.016 9.157 197
3.552 0.004 9.164 197
3.554 0.017 9.168 198
3.549 0.005 9.169 197
3.554 0.011 9.166 197
3.554 -0.002 9.168 197
3.557 0.023 9.169 198
3.547 0.018 9.168 197
3.553 0.008 9.174 197
3.56 0.014 9.163 197
3.552 0.005 9.166 198
3.548 0.015 9.163 197
3.552 0.009 9.174 197
3.56 0.008 9.174 197
3.554 0.003 9.167 198
3.558 0.01 9.155 197
3.552 0.014 9.17 197
3.549 0.014 9.164 198
3.548 0.01 9.168 197
3.558 0.01 9.172 197
3.549 0.015 9.166 197
3.553 0.01 9.157 197
3.551 0.012 9.173 197
3.549 0.011 9.169 198
3.563 0.017 9.172 197
3.554 0.017 9.174 197
3.557 0.016 9.155 197
3.56 0.014 9.168 197
3.555 0.008 9.163 197
3.553 0.016 9.167 198
3.559 0.0 9.163 197
3.554 0.021 9.184 197
3.546 0.02 9.17 197
3.553 0.02 9.174 197
3.547 0.009 9.168 197
3.557 0.011 9.175 198
3.559 0.005 9.167 197
3.548 0.012 9.158 197
3.56 0.012 9.16 197
3.552 0.012 9.164 198
3.555 0.006 9.158 197
3.561 0.005 9.16 197
3.564 0.01 9.169 197
3.557 0.021 9.168 198
3.56 0.004 9.156 197
3.555 0.016 9.17 197
3.558 0.011 9.168 197
3.551 0.008 9.167 198
3.551 0.023 9.158 197
3.566 0.005 9.169 197
3.552 0.006 9.178 197
3.557 0.005 9.178 197
3.547 0.004 9.174 198
3.555 0.01 9.169 197
3.557 0.009 9.172 197
3.559 0.022 9.161 197
3.549 0.021 9.168 198
3.552 0.008 9.176 197
3.547 0.003 9.174 197
3.552 0.014 9.164 197
3.553 0.016 9.163 197
3.558 0.014 9.164 198
3.557 0.015 9.156 197
3.557 0.015 9.17 197
3.553 0.014 9.167 197
3.545 0.008 9.172 197
3.549 0.029 9.158 197
3.548 0.017 9.151 198
3.557 0.02 9.169 197
3.558 0.016 9.166 197
3.559 0.01 9.163 197
3.563 0.009 9.155 197
3.555 0.026 9.167 197
3.553 0.009 9.164 197
3.561 0.01 9.156 198
3.551 0.011 9.167 197
3.56 0.021 9.164 197
3.559 0.017 9.179 197
3.552 0.011 9.148 197
3.558 0.009 9.157 197
3.552 0.014 9.163 198
3.552 0.006 9.174 197
3.56 0.009 9.17 197
3.554 0.011 9.158 197
3.559 0.006 9.162 198
3.563 0.006 9.174 197
3.554 0.008 9.166 197
3.549 0.0 9.158 197
3.557 0.014 9.167 197
3.548 0.004 9.157 198
3.553 0.012 9.179 197
3.561 0.02 9.169 197
3.559 0.015 9.172 197
3.557 0.004 9.175 198
3.56 0.015 9.157 197
3.557 0.012 9.16 197
3.559 0.018 9.162 197
3.554 0.014 9.174 198
3.56 0.011 9.149 197
3.548 0.01 9.169 197
3.557 0.01 9.166 197
3.552 0.003 9.167 197
3.549 0.017 9.164 198
3.552 0.016 9.173 197
3.551 0.021 9.178 197
3.555 0.003 9.166 197
3.56 0.015 9.163 198
3.549 0.006 9.175 197
3.561 0.011 9.17 197
3.554 0.005 9.162 197
3.546 0.011 9.175 198
3.555 0.016 9.162 197
3.551 -0.003 9.169 197
3.559 0.017 9.17 197
3.553 0.011 9.163 197
3.564 0.016 9.169 197
3.549 0.005 9.172 198
3.56 0.012 9.172 197
3.551 0.012 9.169 197
3.553 0.012 9.156 197
3.554 0.017 9.155 197
3.548 0.011 9.158 197
3.555 0.009 9.162 198
3.553 0.016 9.164 197
3.559 0.011 9.168 197
3.563 0.012 9.162 197
3.549 0.008 9.172 197
3.563 0.014 9.164 197
3.552 0.009 9.173 197
3.557 0.03 9.173 198
3.548 0.012 9.152 197
3.549 0.02 9.16 197
3.557 0.009 9.152 197
3.555 0.009 9.16 198
3.557 0.026 9.169 196
3.553 0.018 9.167 197
3.555 0.006 9.163 198
3.555 0.018 9.157 197
3.557 0.014 9.162 197
3.549 0.011 9.17 197
3.553 0.018 9.164 197
3.555 0.015 9.172 197
3.557 0.017 9.154 197
3.549 0.003 9.169 197
3.547 0.018 9.176 198
3.554 0.014 9.162 197
3.552 0.011 9.167 198
3.553 0.009 9.151 196
3.548 0.018 9.167 197
3.557 0.009 9.174 197
3.549 0.018 9.16 197
3.559 0.012 9.154 197
3.558 0.02 9.156 198
3.549 0.018 9.164 197
3.546 0.008 9.167 197
3.552 0.012 9.163 197
3.559 0.016 9.17 197
3.554 0.014 9.167 197
3.558 0.008 9.167 198
3.553 0.014 9.151 197
3.554 0.012 9.17 197
3.549 0.018 9.16 197
3.554 0.011 9.176 197
3.554 0.016 9.156 197
3.553 0.016 9.161 198
3.559 0.011 9.168 197
3.553 0.014 9.168 197
3.554 0.018 9.176 197
3.553 0.008 9.17 197
3.557 0.003 9.173 197
3.549 0.011 9.164 198
3.558 0.015 9.163 197
3.552 0.008 9.164 197
3.557 0.009 9.163 197
3.561 0.021 9.167 197
3.554 0.008 9.17 197
3.552 0.009 9.18 198
3.554 0.01 9.162 197
3.554 0.012 9.157 197
3.559 0.016 9.174 197
3.548 0.026 9.166 198
3.554 0.015 9.166 197
3.552 0.014 9.158 197
3.552 0.026 9.164 197
3.554 0.0 9.167 198
3.546 0.01 9.163 197
3.555 0.018 9.169 197
3.551 0.004 9.174 197
3.561 0.018 9.166 197
3.557 0.011 9.178 198
3.552 0.005 9.176 197
3.554 0.005 9.18 197
3.553 0.027 9.168 197
3.555 0.01 9.158 198
3.564 0.002 9.169 197
3.548 0.01 9.161 197
3.557 0.015 9.167 197
3.559 0.016 9.16 197
3.552 0.006 9.172 198
3.555 0.012 9.175 197
3.552 0.009 9.169 197
3.561 0.018 9.17 197
3.558 0.012 9.173 198
3.555 0.012 9.172 197
3.557 0.005 9.166 197
3.567 0.009 9.169 197
3.553 0.014 9.162 197
3.557 0.015 9.157 197
3.555 0.008 9.151 198
3.552 0.005 9.175 197
3.555 0.01 9.167 197
3.558 0.015 9.163 197
3.557 0.012 9.166 197
3.555 0.01 9.172 197
3.555 0.0 9.169 198
3.551 0.004 9.164 197
3.553 0.014 9.166 197
3.558 0.02 9.167 197
3.558 0.008 9.168 197
3.549 0.016 9.172 197
3.548 0.011 9.164 197
3.557 0.018 9.161 197
3.563 0.015 9.179 198
3.567 0.005 9.169 197
3.554 0.012 9.168 197
3.549 0.024 9.172 197
3.54 0.011 9.168 197
3.553 0.016 9.164 198
3.557 0.01 9.179 197
3.56 0.008 9.166 197
3.549 0.015 9.167 197
3.554 0.012 9.182 197
3.548 0.018 9.162 198
3.552 0.012 9.162 197
3.551 0.015 9.16 197
3.549 0.018 9.169 197
3.557 0.017 9.169 197
3.545 0.014 9.176 198
3.554 0.006 9.166 197
3.559 0.008 9.17 197
3.555 0.021 9.16 197
3.558 0.018 9.174 197
3.555 0.005 9.16 197
3.549 0.015 9.166 198
3.566 0.009 9.164 197
3.558 0.016 9.16 197
3.552 0.015 9.168 197
3.549 0.021 9.17 197
3.557 0.011 9.163 198
3.552 0.004 9.162 197
3.554 0.017 9.172 198
3.553 0.026 9.172 196
3.56 0.008 9.173 198
3.557 0.011 9.179 197
3.552 0.015 9.161 197
3.546 0.008 9.18 197
3.561 0.018 9.161 197
3.56 0.016 9.16 198
3.553 0.002 9.161 197
3.552 0.005 9.17 197
3.56 0.011 9.161 197
3.555 0.017 9.17 197
3.549 0.018 9.162 198
3.557 0.011 9.158 197
3.548 0.015 9.167 197
3.555 0.011 9.163 197
3.546 0.008 9.163 197
3.554 0.021 9.169 197
3.552 0.014 9.168 198
3.559 0.015 9.168 197
3.553 0.011 9.161 197
3.547 0.014 9.182 197
3.555 0.026 9.166 197
3.553 0.005 9.16 197
3.559 0.012 9.157 198
3.557 0.012 9.168 197
3.553 0.02 9.175 197
3.555 0.014 9.169 197
3.56 0.018 9.149 197
3.552 0.017 9.16 197
3.549 0.008 9.167 197
3.549 0.01 9.174 197
3.553 0.029 9.169 198
3.553 0.012 9.168 197
3.561 0.006 9.168 197
3.555 0.014 9.167 197
3.56 0.009 9.169 197
3.552 0.008 9.166 197
3.552 0.008 9.161 197
3.555 0.01 9.173 198
3.564 0.008 9.168 197
3.555 0.014 9.152 197
3.547 0.021 9.173 197
3.558 0.015 9.168 197
3.559 0.006 9.163 197
3.557 0.005 9.167 198
3.558 0.017 9.166 197
3.561 0.01 9.17 197
3.551 0.01 9.173 197
3.547 0.021 9.156 197
3.56 0.014 9.158 197
3.553 0.012 9.168 197
3.555 0.012 9.16 197
3.557 0.028 9.155 198
3.551 0.021 9.168 197
3.558 0.012 9.168 197
3.558 0.018 9.182 197
3.557 0.017 9.154 197
3.555 0.01 9.172 198
3.558 0.011 9.166 197
3.56 0.017 9.166 197
3.549 0.003 9.157 197
3.54 0.02 9.174 197
3.555 0.017 9.168 197
3.559 0.024 9.174 198
3.558 0.01 9.166 197
3.557 0.018 9.158 197
3.548 0.017 9.156 197
3.563 0.02 9.169 197
3.557 0.012 9.169 197
3.555 0.006 9.152 197
3.552 0.021 9.166 198
3.566 0.017 9.18 197
3.555 0.016 9.166 197
3.554 0.006 9.17 197
3.552 0.005 9.173 197
3.548 0.012 9.172 197
3.557 0.026 9.169 198
3.549 0.012 9.161 197
3.553 0.017 9.163 197
3.569 0.017 9.175 197
3.551 0.02 9.169 197
3.549 0.02 9.164 198
3.557 0.006 9.172 197
3.56 0.01 9.176 197
3.546 0.006 9.162 197
3.553 0.012 9.152 198
3.549 0.018 9.161 197
3.552 0.02 9.164 197
3.563 0.015 9.16 197
3.555 0.018 9.162 197
3.555 0.011 9.167 197
3.561 0.017 9.166 198
3.56 0.012 9.168 197
3.559 0.009 9.176 197
3.555 0.01 9.16 197
3.552 0.015 9.148 197
3.552 0.016 9.174 197
3.551 0.018 9.166 197
3.558 0.011 9.169 198
3.564 0.015 9.162 197
3.553 0.022 9.169 197
3.553 0.015 9.172 197
3.557 0.015 9.163 197
3.554 0.016 9.18 197
3.552 0.006 9.17 197
3.557 0.012 9.173 198
3.554 0.005 9.169 197
3.557 0.012 9.158 197
3.554 0.01 9.176 197
3.552 0.009 9.168 197
3.559 0.018 9.145 197
3.554 0.01 9.168 198
3.546 0.015 9.173 197
3.553 0.017 9.174 197
3.555 0.018 9.164 197
3.555 0.006 9.158 197
3.563 0.018 9.158 197
3.553 0.014 9.169 198
3.554 0.017 9.17 197
3.547 0.011 9.162 197
3.554 0.015 9.166 197
3.552 0.014 9.156 197
3.558 0.004 9.178 198
3.559 0.022 9.17 197
3.555 0.011 9.17 197
3.554 0.017 9.17 197
3.558 0.012 9.158 198
3.547 0.015 9.174 197
3.558 0.005 9.167 197
3.552 0.023 9.17 197
3.551 0.021 9.157 197
3.561 0.016 9.17 197
3.554 0.014 9.178 198
3.545 0.021 9.175 197
3.545 0.016 9.172 197
3.564 0.005 9.163 197
3.557 0.012 9.156 197
3.555 0.015 9.172 198
3.553 0.018 9.176 197
3.553 0.008 9.162 197
3.551 0.018 9.166 197
3.555 0.009 9.18 197
3.552 0.009 9.164 198
3.553 0.011 9.172 197
3.548 0.011 9.16 197
3.546 0.021 9.161 197
3.553 0.011 9.169 198
3.557 0.018 9.166 197
3.563 0.017 9.169 197
3.557 0.022 9.174 197
3.559 0.004 9.164 198
3.547 0.009 9.167 197
3.549 0.02 9.168 197
3.56 0.017 9.168 197
3.558 0.012 9.172 197
3.553 0.016 9.161 198
3.554 0.022 9.169 197
3.559 0.022 9.173 197
3.555 0.015 9.166 197
3.555 0.012 9.168 198
3.557 0.016 9.172 197
3.553 0.012 9.173 197
3.563 0.012 9.16 197
3.555 0.003 9.173 198
3.564 0.022 9.156 197
3.546 0.01 9.179 197
3.542 0.021 9.168 197
3.546 0.006 9.158 197
3.561 0.011 9.174 197
3.555 0.009 9.16 198
3.552 0.012 9.169 197
3.557 0.017 9.163 197
3.554 0.02 9.174 197
3.553 0.011 9.16 197
3.558 0.018 9.173 198
3.552 0.021 9.167 197
3.557 0.018 9.167 197
3.549 0.02 9.151 197
3.563 0.009 9.175 198
3.559 0.021 9.152 197
3.561 0.008 9.175 197
3.558 0.017 9.156 197
3.553 0.004 9.16 197
3.567 0.01 9.17 198
3.549 0.017 9.169 197
3.553 0.02 9.152 197
3.557 0.014 9.148 197
3.557 0.004 9.157 197
3.552 0.014 9.158 198
3.552 0.012 9.152 197
3.557 0.017 9.167 197
3.558 0.023 9.161 197
3.545 0.01 9.16 197
3.559 0.014 9.163 198
3.559 0.015 9.156 197
3.56 0.005 9.144 197
3.552 0.021 9.174 197
3.549 0.02 9.162 197
3.551 0.01 9.156 198
3.547 0.003 9.169 197
3.563 0.016 9.164 197
3.554 0.01 9.156 197
3.554 0.01 9.173 198
3.546 0.012 9.164 197
3.549 0.022 9.163 197
3.56 0.022 9.16 197
3.549 0.014 9.162 197
3.548 0.005 9.158 198
3.554 0.022 9.166 197
3.554 0.009 9.166 197
3.554 0.014 9.154 197
3.545 0.011 9.158 197
3.551 0.015 9.161 197
3.549 0.017 9.17 197
3.565 0.011 9.157 198
3.559 0.017 9.162 197
3.552 0.009 9.173 197
3.552 0.008 9.156 197
3.543 0.02 9.161 197
3.551 0.021 9.16 197
3.554 0.003 9.163 197
3.551 0.009 9.166 198
3.559 0.014 9.168 197
3.557 0.017 9.172 197
3.543 0.004 9.169 197
3.564 0.01 9.162 197
3.554 0.021 9.158 197
3.56 0.016 9.161 197
3.56 0.017 9.173 197
3.56 0.006 9.168 198
3.553 0.022 9.158 197
3.557 0.012 9.163 197
3.56 0.018 9.173 197
3.564 0.012 9.168 197
3.548 0.011 9.167 198
3.555 0.008 9.17 197
3.557 0.011 9.17 197
3.561 0.008 9.17 197
3.555 0.008 9.179 198
3.554 0.008 9.17 197
3.558 0.014 9.151 197
3.56 0.017 9.173 197
3.559 0.015 9.155 197
3.557 0.021 9.156 197
3.551 0.014 9.174 198
3.552 0.018 9.168 197
3.565 0.014 9.175 197
3.551 0.016 9.172 197
3.549 0.017 9.172 197
3.559 0.017 9.168 197
3.555 0.018 9.158 198
3.557 0.021 9.158 197
3.554 0.02 9.173 197
3.553 0.012 9.174 197
3.553 0.016 9.182 197
3.552 0.011 9.16 198
3.547 0.01 9.164 197
3.564 0.018 9.163 197
3.558 0.011 9.178 197
3.54 0.01 9.167 198
3.56 0.018 9.164 197
3.557 0.015 9.161 197
3.552 0.01 9.162 197
3.552 0.0 9.157 198
3.56 0.014 9.158 197
3.553 0.011 9.158 197
3.554 0.012 9.152 197
3.555 0.01 9.163 197
3.553 0.016 9.173 198
3.555 0.012 9.167 197
3.545 0.022 9.166 197
3.557 0.014 9.175 197
3.546 0.018 9.155 198
3.548 -0.001 9.168 197
3.549 0.008 9.17 197
3.56 0.009 9.157 197
3.554 0.011 9.163 198
3.547 0.021 9.162 197
3.555 0.017 9.172 197
3.555 0.015 9.167 197
3.549 0.024 9.162 198
3.552 0.015 9.154 197
3.555 0.011 9.164 197
3.554 0.018 9.17 198
3.558 0.01 9.174 197
3.559 0.004 9.166 197
3.552 0.018 9.167 197
3.559 0.014 9.173 197
3.555 0.009 9.158 198
3.553 0.01 9.148 197
3.557 0.005 9.178 197
3.551 0.011 9.161 198
3.561 0.018 9.168 197
3.557 0.018 9.167 197
3.552 0.012 9.166 197
3.557 0.016 9.166 198
3.549 0.015 9.158 197
3.601 -0.006 9.158 197
3.577 0.0 9.151 197
3.549 0.02 9.169 198
3.565 0.002 9.167 197
3.57 -0.014 9.173 197
3.546 0.015 9.18 197
3.551 0.009 9.169 198
3.558 0.014 9.168 197
3.543 0.022 9.185 197
3.563 0.01 9.173 197
3.554 0.01 9.173 198
3.551 0.014 9.167 197
3.553 0.014 9.17 197
3.56 0.016 9.163 197
3.573 0.017 9.189 198
3.564 0.005 9.175 197
3.555 0.006 9.164 197
3.554 0.012 9.166 197
3.558 0.015 9.173 198
3.564 0.01 9.16 197
3.56 -0.001 9.163 197
3.565 0.017 9.175 197
3.547 0.012 9.175 198
3.565 0.01 9.145 197
3.559 0.016 9.154 197
3.551 0.021 9.178 197
3.557 0.005 9.14 198
3.553 0.008 9.163 197
3.553 0.017 9.162 197
3.558 0.009 9.16 197
3.558 0.005 9.169 197
3.547 0.012 9.16 198
3.558 0.012 9.169 197
3.549 0.015 9.152 197
3.566 0.011 9.157 198
3.551 0.011 9.156 197
3.555 0.01 9.152 197
3.558 0.015 9.164 197
3.551 0.015 9.162 197
3.559 0.01 9.173 198
3.563 0.012 9.166 197
3.553 0.006 9.18 197
3.551 0.01 9.172 197
3.558 -0.001 9.167 197
3.555 0.009 9.17 198
3.57 0.01 9.221 197
3.554 0.021 9.173 197
3.554 0.016 9.16 197
3.551 0.009 9.162 197
3.561 0.012 9.162 197
3.554 0.011 9.173 198
3.553 0.003 9.167 197
3.558 0.011 9.175 197
3.557 0.009 9.167 197
# end
#Mon Jul 15 17:18:54 GMT+09:00 2013