3.77025 -0.00525 9.06675
3.7785 0.05525 9.05825
3.803 -0.006 8.99825
3.76975 -0.00425 9.05625
3.78275 0.00675 9.04525
3.7445 -0.00775 9.05125
3.81275 -0.015 8.97275
3.7265 0.01775 9.09775
3.7685 -0.0055 9.0615
3.7755 -0.00725 9.163
3.77525 -0.02775 8.94075
3.741 0.06225 9.0185
3.77725 0.04475 9.07
3.739 0.003 9.10525
3.821 -0.0575 9.09325
3.76975 0.0105 9.06575
3.7655 0.02525 9.0675
3.72725 -0.09075 8.97275
3.76 -0.13175 8.97675
3.75525 -0.0055 9.033
3.8285 0.022 8.982
3.717 0.03925 9.1045
3.7745 0.02425 9.0565
3.747 0.0085 9.1165
3.73725 -0.05375 9.08575
3.78625 -0.047 8.8745
3.70225 0.02575 9.0465
3.747 0.05575 9.064
3.709 0.03025 9.18
3.75225 -0.04975 9.07375
3.73525 -0.074 9.185
3.74325 -0.000499999999999997 9.067
3.70825 -0.00825 9.148
3.79075 -0.04 9.1155
3.7345 0.05025 8.987
3.73875 -0.044 9.1405
3.70625 -0.098 8.9495
3.69425 -0.0595 9.101
3.7405 0.06475 8.9625
3.7325 -0.03625 9.09975
3.718 0.0405 9.147
3.7165 0.01125 9.17
3.7605 -0.102 9.05425
3.69975 0.00375 9.006
3.8115 -0.01975 8.94725
3.79275 -0.03625 9.086
3.7555 0.05025 9.06
3.71775 0.02975 9.08275
3.74525 -0.03675 9.1855
3.77575 -0.03075 9.01475
3.72925 0.04125 9.0715
3.725 0.00275 9.11075
3.73825 -0.021 9.0935
3.71175 -0.00125 9.042
3.70925 -0.0045 9.12825
3.7475 0.0075 9.112
3.7475 -0.02125 9.04
3.7365 0.0475 9.05525
3.7435 0.0135 9.1865
3.70475 -0.06575 9.0565
3.71475 0.04725 9.222
3.76175 0.0335 8.9255
3.71975 0.002 9.186
3.72425 -0.0645 9.03475
3.726 -0.027 9.12425
3.78 -0.04025 9.001
3.7325 0.01375 8.955
3.70025 0.021 9.09475
3.71475 0.0455 9.06275
3.723 -0.036 9.14375
3.682 -0.04775 9.093
3.768 0.01325 9.07625
3.72875 -0.02325 9.02725
3.72475 -0.0145 9.126
3.63975 -0.03225 9.1195
3.72925 0.0185 8.98175
3.6835 -0.0065 9.1425
3.706 -0.03275 9.08325
3.72725 -0.00225 9.064
3.7065 -0.031 9.1025
3.78575 0.0635 8.98175
3.6515 0.0745 9.10575
3.7045 -0.02 9.09
3.699 -0.00675 9.06725
3.68825 -0.009 9.12725
3.7775 0.07775 9.0285
3.7 -0.01625 9.0315
3.6895 -0.035 9.08925
3.71725 -0.00125 9.10225
3.723 -0.0145 9.0115
3.669 0.00675 9.13425
3.65325 -0.03975 9.1035
3.74525 0.0305 9.02725
3.75275 -0.024 9.02275
3.72325 0.00375 9.04475
3.73675 -0.0435 9.069
3.71375 -0.09375 9.0495
3.694 0.06 9.1465
3.69225 -0.09975 8.9065
3.688 0.02775 9.15025
3.67125 0.00525 9.065
3.72725 0.0735 8.99575
3.66875 -0.04125 9.075
3.69675 0.0375 9.07475
3.7335 0.04825 9.03975
3.70775 -0.0075 9.118
3.73275 -0.0075 9.061
3.697 0.00125 9.0845
3.71475 -0.08675 9.07675
3.72875 -0.03925 9.08325
3.7285 0.000750000000000006 8.985
3.6955 -0.0235 8.99925
3.7115 -0.0645 9.08475
3.646 0.012 9.1505
3.76275 0.0275 8.98425
3.684 -0.04925 9.116
3.72125 0.0225 9.0055
3.71 -0.00425 9.099
3.688 0.03575 9.14575
3.65875 -0.048 9.14925
3.6965 -0.05225 9.08675
3.7025 0.00675 9.10675
3.671 0.032 9.131
3.69425 -0.01025 9.08375
3.66825 0.0055 9.079
3.6495 -0.045 9.1665
3.6825 0.0235 8.907
3.66775 -0.00175 9.12875
3.66275 -0.0535 9.049
3.63975 0.0965 9.1485
3.66825 0.06075 9.09075
3.65025 -0.06725 9.126
3.72 -0.0075 9.07025
3.6805 0.0555 9.10575
3.66525 -0.07325 9.073
3.6665 -0.037 9.10025
3.67175 -0.00475 9.10125
3.734 -0.0135 8.98625
3.628 0.0105 9.16475
3.69675 0.02125 9.109
3.692 -0.013 9.0915
3.627 -0.00525 9.213
3.69 -0.008 9.1105
3.62375 0.04375 9.20275
3.676 0.0485 9.133
3.6985 -0.10925 9.12925
3.69 -0.0655 8.97825
3.656 0.003 9.00725
3.609 -0.06 9.17025
3.63225 -0.02325 9.20075
3.69625 -0.013 9.1415
3.70675 -0.05175 9.03625
3.679 -0.0675 9.1455
3.672 -0.06475 9.0235
3.639 -0.032 9.18125
3.6855 0.00975 9.08125
3.66525 0.051 9.1505
3.63 0.045 9.09325
3.6595 0.0115 9.2255
3.66225 0.02375 9.112
3.67875 -0.064 9.0375
3.70275 -0.09275 9.1145
3.71675 0.0345 9.07175
3.67375 0.026 9.10575
3.69575 -0.0935 9.1525
3.6695 0.001 9.062
3.6485 0.097 9.14675
3.6585 -0.00725 9.0935
3.6185 -0.04775 9.13525
3.679 0.0495 9.0305
3.6345 0.0285 9.07825
3.61625 -0.03875 9.1495
3.69325 0.02125 9.10675
3.657 0.0175 9.1245
3.6635 -0.00275 9.07175
3.67825 -0.0495 9.0905
3.66175 -0.00175 9.108
3.7195 -0.015 9.00975
3.68775 -0.05625 9.09825
3.672 -0.05025 9.0365
3.667 0.02025 9.115
3.66825 -0.10875 9.1005
3.7105 0.07525 9.098
3.69 -0.026 9.09175
3.7195 -0.04975 9.06725
3.6455 0.0065 9.14625
3.64325 0.0115 9.03875
3.6755 -0.02025 9.07025
3.632 -0.0495 9.058
3.6595 -0.0295 9.1015
3.588 -0.0515 9.2235
3.65075 -0.03525 9.13475
3.62725 0.008 9.19125
3.66325 -0.0145 9.1365
3.66175 -0.01375 9.10675
3.69 -0.033 9.1065
3.716 0.0535 9.00325
3.6605 -0.12475 9.21
3.67375 -0.014 9.08225
3.6735 0.025 9.11525
3.6485 -0.10475 9.03825
3.69375 0.0625 9.1185
3.68375 -0.01175 9.09975
3.64925 -0.07175 9.1195
3.65675 0.017 9.0765
3.65675 0.0235 9.07475
3.66725 0.00325 9.09325
3.70175 0.0275 9.1175
3.66075 0.00575 9.0995
3.65875 0.15125 9.085
3.66325 -0.02975 9.06775
3.695 -0.0735 9.05925
3.661 -0.028 9.10925
3.66925 0.035 9.11125
3.7095 -0.00475 8.99375
3.6605 0.00475 9.10575
3.74475 0.0625 9.02025
3.67825 0.007 9.08125
3.64675 -0.022 9.15575
3.651 0.009 9.0955
3.65925 -0.04975 9.1255
3.63375 -0.0055 9.117
3.651 -0.0045 9.089
3.64275 0.000750000000000001 9.181
3.64825 -0.02325 9.0625
3.6965 0.0415 9.0775
3.637 -0.0225 9.146
3.6375 0.00675 9.078
3.63475 0.02375 9.12425
3.7265 0.00625000000000001 8.996
3.63325 -0.039 9.1985
3.6745 -0.00425 9.0295
3.64925 0.00875 9.02775
3.61025 -0.00175 9.22875
3.6595 -0.008 9.047
3.603 0.003 9.21625
3.66725 0.024 9.106
3.6415 0.01875 9.106
3.6655 -0.0175 9.124
3.66125 -0.0655 9.09
3.61625 -0.0105 9.1835
3.69525 0.0735 9.1035
3.68375 -0.0085 9.10325
3.6995 0.01325 9.04925
3.65625 -0.00825 9.09575
3.69375 0.0595 9.079
3.6645 0.0295 9.093
3.62875 -0.06675 9.09125
3.634 -0.0395 9.158
3.7245 -0.068 9.07575
3.6665 -0.02625 9.09925
3.64925 0.0035 9.09425
3.65075 -0.00775 9.10725
3.6915 -0.025 9.0635
3.6415 -0.0135 9.12575
3.68025 0.018 9.1005
3.6275 -0.01225 9.13075
3.68725 0.00525 9.02925
3.63525 -0.01725 9.1135
3.63875 0.009 9.196
3.658 -0.022 9.062
3.6815 -0.0205 9.058
3.65075 -0.008 9.11725
3.6205 -0.085 9.14525
3.63525 0.01875 9.1965
3.69475 -0.004 9.05525
3.6755 -0.02025 9.13625
3.6895 0.002 9.04325
3.63475 -0.024 9.123
3.64125 -0.018 9.12125
3.6405 -0.0275 9.1445
3.644 -0.0475 9.126
3.66075 0.0655 9.09625
3.66475 -0.01275 9.0995
3.67525 -0.02525 9.07725
3.65625 0.00475 9.11475
3.65025 -0.01075 9.0945
3.626 -0.00975 9.16625
3.622 0.08875 9.11025
3.62925 -0.0675 9.15225
3.6495 -0.00775 9.09925
3.68375 0.09075 9.06825
3.66825 -0.02525 9.099
3.67375 -0.027 9.09325
3.73525 -0.072 9.00125
3.65575 0.02075 9.1085
3.69175 -0.05075 9.066
3.67625 0.021 9.03275
3.59275 0.013 9.1675
3.67325 0.0255 9.071
3.68 0.012 9.06775
3.61275 -0.00525 9.0965
3.64725 0.006 9.10025
3.649 -0.03375 9.07075
3.644 -0.00125 9.097
3.61775 -0.002 9.1505
3.64275 -0.05575 9.12925
3.683 0.0015 9.03775
3.628 0.02125 9.15575
3.62475 -0.02525 9.104
3.63625 0.128 9.09275
3.6605 -0.05425 9.105
3.67025 -0.0065 9.101
3.66125 -0.0115 9.1115
3.50375 0.0275 9.14225
3.67775 -0.0115 9.09275
3.6235 0.022 9.16575
3.65275 -0.000749999999999999 9.08575
3.6155 0.00525 9.12575
3.641 -0.00825 9.091
3.669 0.0885 9.085
3.708 0.0095 9.0345
3.646 -0.01075 9.14675
3.65025 -0.02875 9.061
3.64225 0.0065 9.11675
3.66925 -0.02325 9.08775
3.68475 -0.04575 9.0505
3.592 -0.022 9.2085
3.689 -0.033 9.08725
3.6385 0.04775 9.0715
3.64125 0.043 9.1255
3.65 0.01225 9.105
3.6525 0.0215 9.08525
3.65575 0.00825 9.093
3.68275 -0.09675 9.0705
3.64425 0.00625 9.1215
3.648 -0.0435 9.0865
3.6635 -0.03375 9.07825
3.65125 -0.013 9.101
3.64925 -0.006 9.11275
3.65575 0.00775 9.1455
3.6425 -0.0125 9.09825
3.6195 0.0025 9.12925
3.61075 0.048 9.18825
3.67675 -0.0135 9.09325
3.611 0.0355 9.08175
3.644 -0.0075 9.0895
3.61275 -0.03025 9.1555
3.64025 -0.0665 9.10425
3.6375 0.0095 9.11075
3.659 -0.019 9.09625
3.626 -0.11775 9.136
3.63725 0.049 9.107
3.62775 -0.01475 9.1205
3.6215 -0.05225 9.099
3.6595 0.02675 9.0815
3.56625 0.01 9.16225
3.582 0.02925 9.116
3.607 -0.12675 9.1145
3.6275 0.01725 9.11325
3.70025 0.0895 9.052
3.68275 -0.02875 9.0845
3.68425 0.06075 9.0465
3.6365 0.01525 9.11875
3.6425 0.02325 9.1085
3.649 -0.01175 9.10475
3.569 -0.0245 9.1895
3.66375 -0.04575 9.0895
3.64325 0.013 9.101
3.64825 0.027 9.09025
3.65675 0.01875 9.0845
3.5875 -0.10375 9.13175
3.6055 0.077 9.11125
3.6435 -0.03 9.1
3.64875 0.04525 9.12275
3.654 -0.01375 9.11725
3.6505 -0.02 9.11525
3.65525 -0.0175 9.0725
3.6745 -0.0535 9.094
3.6775 -0.0055 9.086
3.6665 0.001 9.09375
3.63075 -0.01025 9.11
3.6755 -0.00625 9.095
3.64725 0.02975 9.11625
3.6505 0.017 9.1075
3.71825 0.0415 9.04525
3.6795 -0.0125 9.094
3.656 0.0685 9.105
3.625 -0.018 9.10775
3.72225 0.083 9.12575
3.55025 -0.02775 9.16725
3.667 0.04625 9.08725
3.69475 0.000499999999999999 9.07925
3.684 -0.00575 9.099
3.65175 -0.0645 9.1315
3.71 -0.009 9.05575
3.6635 -0.0115 9.07825
3.64475 -0.0135 9.07375
3.66925 -0.02975 9.07525
3.662 0.01825 9.157
3.6225 -0.01175 9.10625
3.66825 0.0245 9.1355
3.65575 -0.03725 9.094
3.6785 0.08325 9.11025
3.64175 -0.08175 9.153
3.6455 -0.002 9.113
3.65525 -0.14575 9.128
3.626 -0.07175 9.11725
3.67325 -0.0345 9.07975
3.604 0.13 9.10625
3.656 -0.08475 9.088
3.64425 0.02625 9.11175
3.64075 -0.039 9.104
3.686 0.10975 9.06175
3.5835 0.02875 9.1265
3.63225 0.01925 9.11375
3.62975 -0.05025 9.09125
3.656 -0.0285 9.13525
3.621 -0.035 9.11575
3.5345 -0.01625 9.18975
3.66075 0.0255 9.08375
3.6575 0.02225 9.1045
3.66475 -0.039 9.079
3.6485 -0.00175 9.06025
3.63925 -0.02175 9.104
3.64225 0.02025 9.07625
3.6775 -0.0175 9.13
3.6885 -0.0505 9.1635
3.66575 0.021 9.06525
3.67225 0.05275 9.0705
3.65925 0.0185 9.072
3.65575 -0.1445 9.13825
3.647 -0.016 9.11325
3.661 -0.108 9.073
3.63375 -0.0365 9.12525
3.6675 0.0205 9.12175
3.6655 -0.02625 9.0845
3.597 -0.012 9.127
3.644 -0.0465 9.084
3.701 -0.000749999999999997 9.0665
3.68625 0.00225 9.06
3.6915 -0.00875 9.077
3.7125 -0.03575 9.06375
3.59175 -0.08525 9.15525
3.71825 0.07425 9.0505
3.651 -0.01475 9.10075
3.7155 0.09075 9.07875
3.65025 -0.0445 9.12375
3.649 0.02175 9.108
3.64775 -0.026 9.11275
3.6185 0.09025 9.1405
3.668 -0.01025 9.10775
3.6575 0.01575 9.09275
3.63475 0.06575 9.04
3.75025 -0.02875 9.05025
3.65475 -0.0235 9.113
3.6805 0.0035 9.082
3.65475 0.00475 9.13075
3.68175 -0.07925 9.0875
3.59325 -0.02175 9.162
3.61675 -0.04775 9.15475
3.672 -0.01425 9.0905
3.6765 -0.0055 9.11075
3.6775 0.044 9.08975
3.63925 -0.09475 9.11525
3.72175 0.008 9.00225
3.5945 -0.012 9.12275
3.60525 0.007 9.13225
3.64225 -0.02725 9.078
3.6195 0.03 9.12425
3.67525 0.002 9.0865
3.6615 -0.00225 9.09375
3.6605 0.0105 9.11925
3.598 -0.0175 9.163
3.6415 -0.02075 9.11075
3.69475 -0.068 9.11875
3.67475 -0.0395 9.114
3.648 0.112 9.12925
3.63475 -0.01125 9.13
3.62975 -0.0275 9.12425
3.672 0.03125 9.13825
3.628 0.02275 9.12225
3.602 -0.01025 9.14575
3.6285 0.0315 9.10975
3.6415 -0.02125 9.10825
3.647 0.01725 9.14625
3.635 0.0045 9.10925
3.66625 -0.0555 9.118
3.62 -0.053 9.0945
3.59125 -0.071 9.10625
3.71625 -0.015 9.06825
3.623 0.05575 9.13425
3.64925 -0.02325 9.0755
3.65 -0.0025 9.09875
3.65625 -0.0325 9.11625
3.6615 -0.04175 9.11575
3.6445 0.03825 9.11425
3.64 0.028 9.14825
3.622 -0.079 9.091
3.6425 0.04825 9.06875
3.67 -0.039 9.10525
3.67625 -0.013 9.077
3.6105 -0.02675 9.1465
3.6145 -0.05375 9.17025
3.6025 -0.0665 9.14975
3.665 0.06575 9.0875
3.65375 0.028 9.091
3.5995 -0.0325 9.14175
3.66 0.01175 9.0835
3.65025 0.001 9.108
3.64075 -0.003 9.1125
3.6385 -0.00525 9.1325
3.6455 -0.006 9.119
3.64625 -0.00425 9.1125
3.64075 -0.008 9.11
3.64325 -0.0035 9.1085
3.64325 -0.00475 9.11225
3.646 -0.0035 9.10175
3.645 -0.00275 9.10525
3.64025 -0.00275 9.1125
3.64475 -0.00475 9.11
3.64075 -0.00475 9.11075
3.64275 -0.00375 9.111
3.6435 -0.00575 9.11775
3.6435 -0.0085 9.11
3.64275 -0.00575 9.109
3.643 -0.00425 9.10775
3.6425 -0.00375 9.10475
3.643 -0.005 9.10575
3.6395 -0.004 9.1115
3.6405 -0.00075 9.1025
3.64075 -0.0035 9.11125
3.646 -0.01025 9.11275
3.6405 -0.002 9.10975
3.64375 -0.007 9.1145
3.6405 -0.00275 9.11125
3.63875 -0.00375 9.11425
3.63875 -0.00125 9.10875
3.64375 -0.00425 9.114
3.63775 -0.00625 9.1055
3.6445 -0.00425 9.109
3.643 -0.00625 9.10975
3.638 -0.0085 9.1105
3.64325 -0.00575 9.104
3.641 -0.00475 9.10925
3.63975 -0.0065 9.11575
3.64075 -0.004 9.10825
3.6385 -0.00425 9.113
3.63975 -0.00875 9.11625
3.6415 -0.00825 9.1175
3.64075 -0.00425 9.108
3.64025 -0.0035 9.11425
3.64025 -0.0075 9.10825
3.64125 -0.0055 9.11675
3.64425 -0.00425 9.11375
3.63925 -0.00575 9.1095
3.6435 -0.0085 9.11375
3.63675 -0.006 9.11775
3.64175 -0.003 9.11375
3.64025 -0.003 9.11475
3.63775 -0.003 9.11025
3.639 -0.00525 9.10975
3.63975 -0.0025 9.11375
3.63775 -0.006 9.11425
3.636 -0.0055 9.10475
3.6385 -0.0065 9.1185
3.64 -0.00025 9.11425
3.6365 -0.0065 9.11
3.63625 -0.00925 9.10925
3.64125 -0.006 9.11125
3.63575 -0.0045 9.11125
3.6355 -0.00925 9.108
3.6425 -0.0055 9.112
3.639 -0.0075 9.1145
3.6395 -0.00375 9.11175
3.64325 -0.003 9.111
3.63575 -0.005 9.11025
3.641 -0.011 9.11325
3.643 -0.00425 9.1105
3.6465 -0.00525 9.10575
3.64125 -0.007 9.10825
3.63975 -0.00425 9.10575
3.64525 -0.00575 9.10975
3.642 -0.00875 9.109
3.637 -0.00225 9.1065
3.6385 -0.00275 9.11575
3.63875 -0.008 9.11975
3.63825 -0.00375 9.1125
3.641 -0.0065 9.109
3.6375 -0.00275 9.1145
3.6415 -0.00675 9.11025
3.64225 -0.003 9.10375
3.636 -0.005 9.11025
3.64375 -0.00825 9.11225
3.64025 -0.0105 9.12
3.6435 -0.00425 9.11225
3.64275 -0.00925 9.118
3.6355 -0.003 9.10475
3.6425 -0.01025 9.1125
3.63675 0.00125 9.1085
3.641 -0.00475 9.1085
3.63775 -0.0075 9.1225
3.637 -0.00975 9.11225
3.6475 -0.00725 9.113
3.638 -0.01075 9.11025
3.634 2.16840434497101e-19 9.118
3.6435 -0.011 9.106
3.61575 0.037 9.13275
3.64875 0.0175 9.122
3.6515 -0.01625 9.13975
3.63825 -0.00475 9.1045
3.6435 -0.00275 9.12075
3.6475 -0.0295 9.11975
3.639 -0.016 9.124
3.62875 0.00725 9.12175
3.64625 0.01575 9.103
3.64175 0.016 9.11925
3.64925 -0.0245 9.10625
3.63025 0.00675 9.11775
3.62725 0.0515 9.154
3.624 -0.0395 9.17075
3.60325 0.03225 8.987
3.6185 0.026 9.18
3.6475 -0.0045 9.1105
3.64725 0.01575 9.111
3.639 0.00275 9.11925
3.63275 -0.005 9.1055
3.6445 -0.00075 9.10875
3.649 0.0125 9.0905
3.644 -0.00875 9.11725
3.64425 -0.01175 9.113
3.64425 0.017 9.106
3.63725 0.008 9.107
3.6475 0.0005 9.09925
3.65875 -0.0085 9.10825
3.6085 0.00725 9.126
3.62975 0.00125 9.101
3.658 -0.00825 9.10375
3.62675 -0.00275 9.1185
3.62325 -0.01425 9.109
3.6305 -0.01525 9.13775
3.6535 0.0 9.12775
3.641 -0.0135 9.10825
3.64375 0.017 9.10125
3.63125 4.33680868994202e-19 9.09675
3.65125 -0.00875 9.11475
3.60825 -0.016 9.1255
3.68125 -0.03675 9.1095
3.58675 0.02675 9.172
3.58025 -0.00175 9.14625
3.71075 -0.004 9.07975
3.7565 0.11825 9.09175
3.72475 0.1115 9.089
3.6765 -0.0765 9.11
3.5885 0.001 9.15275
3.623 0.02125 9.12025
3.68575 -0.03725 9.09875
3.6015 0.0145 9.10925
3.68825 -0.00175 9.07625
3.6725 0.0115 9.046
3.6295 0.0245 9.133
3.617 -0.0105 9.1145
3.62625 0.0005 9.09275
3.65 0.00375 9.09725
3.637 -0.01425 9.1005
3.59925 -0.026 9.13375
3.63675 -0.0375 9.11575
3.651 0.00425 9.091
3.62075 -0.02525 9.15875
3.67525 0.00025 9.10375
3.605 0.0095 9.17125
3.651 -0.02025 9.1615
3.6355 0.02475 9.116
3.62875 -0.00875 9.0585
3.76075 0.00275 9.05425
3.6475 0.0105 9.23
3.65575 -0.02575 9.15225
3.6335 -0.000999999999999998 9.173
3.692 -0.0065 9.11575
3.59225 -0.02425 9.17225
3.63475 0.02675 9.0895
3.677 -0.0195 9.11675
3.5805 0.00775 9.12275
3.62075 -0.01925 9.126
3.72675 -0.00625 9.09775
3.697 0.042 9.06275
3.51775 -0.03 9.15
3.588 0.0795 9.07075
3.56675 0.0695 9.09775
3.62725 -0.02175 9.13675
3.675 -0.0555 9.10275
3.70125 -0.0345 9.09875
3.635 0.02925 9.088
3.49475 -0.04525 9.131
3.6345 -0.0355 9.125
3.749 0.08175 8.94525
3.6715 -0.00925 9.08
3.60975 0.02425 9.045
3.68125 -0.0745 9.15975
3.69025 0.0135 9.20825
3.6075 -0.02175 9.07025
3.59875 0.02675 9.12225
3.73725 0.0755 9.08575
3.6605 -0.01875 8.98675
3.69725 0.03975 9.181
3.72325 0.092 9.0995
3.66275 0.25125 8.96
3.474 -0.2095 9.2755
3.55875 -0.06675 9.253
3.31475 -0.3985 9.32475
3.7005 0.20725 9.018
3.611 -0.2915 9.30625
3.79075 0.44 9.00475
3.81525 0.04375 8.89525
3.46125 0.4065 9.2295
4.02675 0.302 8.9065
4.03225 0.309 8.96625
3.5335 -0.111 9.28125
3.84775 0.3395 9.08
3.8145 0.1855 8.985
3.48575 -0.306 9.0905
3.8165 0.49725 9.1245
3.73425 0.34275 9.04975
3.37375 0.0417499999999999 9.15575
3.71725 0.3585 9.1175
3.626 0.166 9.15375
3.575 0.027 8.92275
4.0 0.6145 8.79825
3.545 -0.26725 9.35575
3.4705 -0.0105 9.0535
3.82375 0.24825 8.9935
3.66475 -0.1155 9.12775
3.28375 -0.33025 9.178
3.2895 -0.606 9.2305
3.5805 -0.30825 9.18925
3.5955 0.372 9.07475
3.74025 0.255 9.104
3.3105 -0.48275 9.22525
3.61425 0.06825 8.94375
3.59325 0.131 8.98425
3.633 0.075 9.05625
3.6485 -0.19125 9.0415
3.215 -0.35925 9.471
3.27225 -0.3465 9.2875
3.5905 0.10625 9.17925
3.67025 -0.1755 8.95675
3.74 0.1105 8.8745
3.721 0.83325 9.1005
3.5715 -0.364 9.2475
3.529 0.039 8.9515
3.55125 -0.14375 9.429
4.0275 0.3925 8.8505
3.9315 0.76475 8.8165
3.64525 -0.0644999999999999 8.9475
3.59225 -0.274 9.022
3.54475 0.0585 9.21425
3.401 -0.35175 9.235
3.79425 0.18375 8.87925
3.57325 0.01325 9.02325
3.7345 0.126 8.98025
3.73225 0.4635 9.04625
3.706 -0.093 8.99425
3.44775 -0.11525 9.1735
3.85775 0.467 8.9115
3.8085 -0.1345 9.2375
3.2535 -0.74725 9.05425
3.60425 0.00524999999999998 8.94225
3.61725 -0.0505 8.99475
3.61175 -0.22475 9.005
3.63275 0.1915 9.03375
3.98275 0.63225 8.766
3.421 -0.27625 9.49725
3.258 -0.51575 9.36825
3.3885 -0.3925 9.48425
3.586 -0.075 9.05875
3.26725 -0.34475 9.29875
3.59325 -0.306 9.17875
3.609 -0.02125 9.0545
3.6055 0.06425 9.2895
3.5915 0.06625 9.25475
3.683 0.2825 9.01975
3.5945 0.0745 9.25025
3.657 0.022 9.06975
3.387 -0.113 9.21725
3.64 0.13075 9.077
4.01725 0.326 9.0915
3.7445 0.01775 9.14475
3.648 0.3985 8.97575
3.52875 -0.35175 9.20275
3.2465 -0.788 9.319
3.877 0.042 9.1375
3.6165 -0.15825 8.8345
3.59 -0.10275 8.94125
3.5875 -0.1305 8.776
3.6085 -0.2075 9.1715
3.54725 -0.0315 9.30375
3.69125 0.33925 9.06325
3.32425 -0.20175 9.2525
3.67075 0.03275 9.1915
3.81575 0.16125 8.97125
3.708 0.3155 9.12075
3.58925 0.33375 9.3295
3.5685 -0.038 8.92675
3.66775 0.02325 9.05875
3.81675 -0.00425 9.1585
3.383 -0.18275 9.59625
3.6765 0.16025 9.15675
3.36025 -0.452 9.1665
3.96775 0.26075 9.113
3.5215 -0.0125000000000001 9.04025
3.871 0.23175 9.03425
3.678 0.00025 8.99975
3.618 0.05025 9.4335
4.009 0.92575 9.07225
3.694 -0.04225 9.02025
3.8415 0.43525 9.06575
3.40025 -0.67825 9.139
3.54725 0.37925 9.06
3.6355 -0.13475 9.098
4.07225 0.79375 8.812
3.26425 -0.17425 9.31725
3.75775 0.22225 9.07125
3.91725 0.38275 9.03525
3.8805 0.23325 8.905
3.5815 0.012 9.139
3.45475 0.0805 9.2895
3.495 -0.099 9.092
3.64 0.302 9.09575
3.75075 0.2645 9.0405
3.34375 -0.4855 9.17625
3.26725 -0.43075 9.49475
3.5985 -0.11475 8.92175
3.611 -0.0635 8.947
3.9195 0.1745 9.04225
3.56775 0.01075 9.23475
3.34575 -0.39125 9.29075
3.66625 -0.0145 9.05575
3.391 -0.10575 9.13275
3.62675 0.09 9.22825
3.61725 0.1055 9.17925
3.5615 -0.20325 9.1315
3.80975 0.2225 9.1455
3.7005 0.2875 8.945
3.53475 -0.3455 9.16175
3.54075 -0.31775 9.26875
3.7335 0.36825 9.14725
3.31125 -0.7345 9.19325
3.7675 0.72325 8.87475
3.749 0.74425 8.83275
3.2645 -0.588 9.16
3.873 0.078 9.011
3.48925 -0.16975 9.18625
4.01525 0.67375 8.8255
3.6195 -0.06725 9.22825
3.50125 -0.075 9.1
3.563 -0.1615 9.24375
3.71 -0.0365 9.02925
3.57975 -0.36725 9.2995
3.42925 -0.166 9.10925
3.4035 -0.445 9.33475
3.68475 0.26325 8.968
3.6885 0.214 9.33975
3.65525 -0.0745 9.027
3.984 0.53575 8.847
3.22875 -0.4665 9.5495
3.87575 0.581 9.02225
3.4815 -0.13875 9.201
3.60775 0.19 9.03425
3.51625 -0.02325 9.35125
3.7935 0.059 9.195
3.42025 -0.714 9.20475
3.7385 0.34925 9.08
3.30675 -0.328 9.22575
3.56925 0.0222499999999999 9.02
3.621 0.196 8.98275
3.626 0.1795 9.171
3.60825 0.06825 9.2425
3.5175 0.08625 9.114
3.57875 -0.11125 8.9775
3.44725 -0.22375 9.24125
3.87875 0.31575 9.05925
3.39525 -0.13675 9.255
3.283 -0.31425 9.2925
4.0235 0.53225 8.87975
3.471 -0.241 9.192
3.611 -0.1935 8.8765
3.59675 -0.301 9.237
3.78 0.234 8.98525
3.59075 -0.0495 8.931
3.248 -0.71375 9.0935
3.7095 0.12975 9.159
3.666 0.0985 9.0715
3.789 0.00700000000000001 9.144
3.3855 -0.281 9.1815
3.7325 0.2525 8.903
3.706 0.129 9.1115
3.5075 -0.0695 9.22975
3.43575 0.58025 9.1595
3.71725 -0.0879999999999999 9.007
3.81775 0.4035 9.11325
3.5655 0.0337499999999999 8.9725
3.55625 -0.0295 9.07025
3.5905 0.081 9.20325
3.59775 0.3895 9.10125
3.499 -0.52575 9.24475
3.54125 -0.26225 9.1445
3.47 -0.33175 9.2825
3.69325 0.09325 9.18225
3.68175 0.195 8.99825
3.514 -0.13825 9.29
3.5975 0.37275 8.869
3.6065 0.24575 9.156
3.662 -0.10925 8.94525
3.4495 -0.41075 9.31175
3.7195 0.3115 9.07075
3.65475 -0.13525 9.0145
3.73075 0.70425 8.814
3.5515 -0.3665 9.21475
3.40425 -0.356 9.39475
4.11075 0.5975 8.97725
3.5945 0.04125 9.2435
3.8105 0.152 9.01475
3.59075 -0.1395 9.09125
3.572 -0.016 8.95925
3.64675 -0.21775 9.20025
3.55675 -0.3425 9.29375
3.631 -0.153 8.99275
3.6325 0.0765 8.9865
3.48175 -0.68 9.23275
3.563 0.35725 9.224
3.56825 0.10875 9.12175
3.706 0.6065 8.82175
3.744 0.085 9.1335
3.529 0.01325 9.11825
3.81375 0.24 9.07725
3.6905 0.137 9.0435
3.361 -0.142 9.1725
3.57475 -0.0255 9.0475
3.48675 -0.10475 9.14925
3.63575 -0.16175 9.022
3.76375 0.2735 9.2205
3.47175 -0.22675 9.13075
3.77875 0.21925 9.15825
3.5765 -0.20375 9.0885
3.8435 0.621 8.9765
3.587 0.0275 9.0525
3.60125 -0.01575 9.064
3.685 0.2975 9.11775
3.63 -0.15525 9.04575
3.45625 -0.03175 9.23075
3.78475 0.2425 8.8625
3.50375 -0.1955 9.206
3.552 -0.199 9.21375
3.521 -0.24 9.22725
3.49325 -0.00850000000000001 9.0345
3.7915 0.222 9.027
3.5575 -0.0125 9.2405
4.00875 0.47375 9.058
3.99125 0.54175 8.99975
3.20425 -0.63575 9.21825
3.34125 -0.63725 9.46225
3.664 0.04225 9.09175
3.73125 0.09075 8.97425
3.45175 -0.11125 9.083
3.5025 -0.2615 9.1985
3.55625 -0.114 9.23825
3.50225 -0.26225 9.072
3.4925 0.0565 9.12275
3.716 0.3605 9.13425
3.71425 0.217 9.0085
3.31925 -0.339 9.23375
3.92225 0.565 8.946
4.17125 1.3505 8.7655
3.5715 -0.25025 9.08825
3.4575 -0.14025 9.17725
3.63225 0.0427500000000001 9.16
3.74225 0.13475 9.03525
3.80025 0.26225 9.00175
3.63725 -0.02225 9.19125
3.62 0.0835 9.105
3.73525 0.3575 9.05625
3.466 -0.04725 9.06425
3.78225 0.58925 8.90525
3.6475 0.10425 9.1975
3.56925 -0.0429999999999999 9.0785
3.615 -0.00349999999999995 8.89625
3.57975 0.07125 8.993
3.6995 0.16225 9.24425
3.6815 0.11725 9.01325
3.519 -0.2455 9.27225
3.4675 -0.31325 8.9455
3.83525 0.27 9.0765
3.834 0.201 9.0265
3.78325 0.22075 9.19875
3.76775 0.371 9.16175
3.452 -0.1765 9.184
3.96125 0.346 8.87225
3.859 0.58325 8.9045
3.70175 0.29975 9.1225
3.28275 -0.54125 9.20925
3.61075 -0.00800000000000001 9.05125
3.6095 0.0715 9.2
3.44975 -0.124 9.05325
3.63325 -0.034 9.114
3.767 0.0957499999999999 9.0
4.00225 0.5095 8.88925
3.63675 0.06725 9.10375
3.3995 -0.495 9.12975
3.48 -0.2005 9.17525
3.648 -0.14275 9.234
3.5645 -0.1715 9.1265
3.5915 -0.51525 9.16775
3.59675 0.077 9.069
3.6255 0.11675 8.9795
3.5175 0.05975 8.951
3.4275 -0.14775 9.1055
3.522 -0.072 9.13875
3.89775 0.20625 8.906
3.73375 -0.1105 9.342
3.527 0.02 9.3585
3.496 -0.10175 9.11425
3.82875 -0.09425 9.0355
3.4465 -0.004 9.115
3.681 0.00375 9.16525
3.76825 0.000749999999999987 8.97075
3.56975 0.05725 9.182
3.81825 0.1355 9.0945
3.494 0.26775 8.95225
3.28225 -0.02375 9.41925
3.2425 -0.15775 9.276
3.31925 -0.065 9.4045
3.6665 0.2465 9.07775
3.65625 -0.09675 9.04475
3.64775 0.06225 9.07825
3.6795 0.01375 9.1145
3.679 0.01575 9.09275
3.69075 0.01575 9.09525
3.60175 -0.0735 9.19075
3.60125 0.18475 9.22
3.64375 -0.01975 9.21225
3.65825 0.08225 9.214
3.71 0.1065 9.01
3.59775 0.037 9.2015
3.6305 0.081 9.0775
3.573 -0.0455 9.10925
3.5855 0.007 9.0685
3.6695 0.019 9.08525
3.63 -0.0335 9.1305
3.55925 -0.04125 9.09375
3.613 0.00025 9.1175
3.62875 0.01325 9.119
3.6085 0.02325 9.11875
3.6145 0.02475 9.11475
3.6165 0.02725 9.11375
3.61475 0.026 9.11475
3.615 0.02575 9.10175
3.61675 0.02575 9.11425
3.6195 0.0265 9.11525
3.6115 0.036 9.10475
3.6195 0.0365 9.09775
3.621 0.03275 9.0945
3.5985 0.0075 9.119
3.6255 0.04325 9.118
3.58925 -0.003 9.10675
3.601 0.02775 9.12225
3.61875 0.0135 9.11975
3.6155 0.0185 9.1245
3.61225 0.0185 9.13875
3.6105 0.036 9.11125
3.60675 0.01125 9.10775
3.60725 0.0095 9.1185
3.61725 0.024 9.10375
3.62175 0.008 9.108
3.607 0.02475 9.1025
3.60725 0.03875 9.106
3.61675 0.02825 9.11275
3.6165 0.0175 9.0975
3.61075 0.03025 9.1095
3.61625 0.04225 9.12575
3.6205 0.0245 9.1165
3.62775 0.03875 9.10725
3.613 0.0305 9.10625
3.62525 0.02525 9.1015
3.616 0.0255 9.10875
3.60825 0.029 9.11475
3.61925 0.0285 9.112
3.6115 0.0275 9.10875
3.61525 0.02375 9.11325
3.61325 0.02525 9.111
3.6125 0.02 9.113
3.607 0.03 9.1085
3.60325 0.034 9.11325
3.615 0.03225 9.11475
3.614 0.02475 9.12025
3.62125 0.02575 9.105
3.61225 0.0335 9.11225
3.615 0.024 9.11225
3.617 0.022 9.114
3.614 0.02575 9.1205
3.61275 0.0295 9.11075
3.61275 0.0235 9.103
3.61075 0.032 9.10975
3.61325 0.03375 9.10975
3.6155 0.03275 9.10625
3.61325 0.02375 9.116
3.61725 0.03075 9.1075
3.61375 0.025 9.112
3.617 0.02375 9.10875
3.6255 0.0365 9.10325
3.6155 0.0375 9.11225
3.6115 0.031 9.1135
3.617 0.0195 9.1085
3.608 0.0275 9.11425
3.6245 0.01775 9.1075
3.606 0.0055 9.1135
3.628 0.000750000000000001 9.1065
3.60875 0.026 9.11225
3.6155 0.02275 9.1165
3.621 0.02625 9.10675
3.61475 0.0255 9.10925
3.62225 0.0445 9.09975
3.61175 0.0305 9.12225
3.6195 0.021 9.10575
3.61225 0.01275 9.11325
3.61325 0.02025 9.10625
3.61775 0.03175 9.1
3.6125 0.025 9.10975
3.611 0.02425 9.114
3.612 0.02675 9.0825
3.60875 0.02675 9.12
3.624 0.02825 9.11275
3.632 0.0485 9.098
3.615 0.02525 9.11525
3.60825 0.019 9.11325
3.61675 0.02725 9.10775
3.61075 0.027 9.111
3.61425 0.02075 9.11
3.60675 0.02875 9.111
3.6125 0.0215 9.1045
3.6115 0.02675 9.11475
3.61125 0.033 9.11375
3.6145 0.027 9.1095
3.61525 0.026 9.108
3.604 0.0635 9.0915
3.61375 0.02375 9.1115
3.579 0.02775 9.134
3.6055 0.051 9.10775
3.6155 0.02525 9.1115
3.62 0.024 9.103
3.62175 0.03925 9.104
3.6185 0.03475 9.1025
3.65575 0.0325 9.12375
3.615 0.0255 9.1225
3.59375 0.0335 9.1305
3.59925 0.0285 9.11125
3.62375 0.022 9.11
3.6175 0.0135 9.11175
3.608 0.0395 9.12025
3.606 0.01975 9.116
3.6025 0.0235 9.1095
3.61725 0.0265 9.10925
3.619 0.0375 9.11275
3.58475 -0.0015 9.1235
3.62175 -0.0145 9.14875
3.63275 -0.055 9.124
3.62325 0.01625 9.10475
3.61475 0.07275 9.09675
3.59325 0.04125 9.1115
3.62325 0.038 9.1095
3.6265 0.058 9.11425
3.57575 0.05175 9.03375
3.73725 0.23525 9.10425
3.61725 0.06725 9.08825
3.61025 0.028 9.0905
3.60575 0.036 9.09925
3.63025 0.03 9.13025
3.6165 0.03275 9.10125
3.6015 0.021 9.10425
3.61525 0.02 9.1085
3.6055 -0.003 9.109
3.6495 0.04625 9.09025
3.63925 0.042 9.09975
3.57 0.01975 9.10925
3.639 0.017 9.11525
3.6425 0.01825 9.10475
3.599 0.00275 9.11525
3.6335 0.00775 9.08475
3.61025 0.0305 9.0675
3.6225 0.04025 9.135
3.626 0.03375 9.12475
3.627 -0.000750000000000001 9.101
3.6105 0.02 9.12075
3.61475 0.01925 9.12025
3.619 0.0135 9.1365
3.608 0.021 9.105
3.6025 0.037 9.09325
3.62025 0.02075 9.12525
3.6135 0.027 9.09475
3.64575 0.038 9.05625
3.657 0.01875 9.07475
3.78175 0.02225 9.04925
3.66375 -0.014 9.14475
3.636 0.03475 9.12725
3.537 0.086 9.10525
3.29825 -0.27425 9.25025
3.598 0.272 9.025
3.463 -0.196 9.22325
3.6975 0.109 9.08875
3.63825 0.145 9.04
3.662 -0.09325 9.13025
3.60975 0.162 8.9765
3.56825 0.17775 9.04775
3.658 -0.1295 9.05975
3.75475 0.2885 9.05975
3.544 0.038 9.2395
3.55575 -0.079 9.097
3.61825 0.138 9.19375
3.585 -0.0125 9.16325
3.76475 0.252 9.01375
3.7055 0.31175 8.966
3.55475 0.057 9.10725
3.52525 -0.34375 9.2935
3.8935 0.53575 8.82525
3.5895 -0.1125 8.96925
3.60375 -0.1205 8.967
3.64475 0.146 9.11875
3.38075 -0.02 8.99875
4.07125 0.3645 8.886
3.65775 0.1165 8.98775
3.58875 0.0545 9.2255
3.82225 0.40975 8.9355
3.648 0.3255 8.955
3.576 -0.143 9.03475
3.723 0.27875 9.16025
3.573 -0.00175 9.1105
3.586 -0.031 9.03325
3.5865 -0.00875000000000001 8.94575
3.63925 -0.06175 8.9775
3.431 -0.03525 9.15125
3.50325 -0.13475 9.10375
3.508 -0.05625 9.105
3.66525 0.03025 9.145
3.51625 -0.076 9.12025
3.92875 0.3325 8.71725
3.637 0.075 9.123
3.62425 -0.16475 9.137
3.58575 -0.0965 9.30725
3.429 -0.27275 9.17
3.6785 0.13475 9.05525
3.67675 0.1505 9.1255
3.61725 0.0115 9.03175
3.63875 -0.0195 9.06
3.97075 0.26875 8.97825
3.476 -0.15275 9.26025
3.4445 -0.12 9.1875
4.03625 0.203 8.861
3.537 -0.01 9.14625
3.49125 -0.161 9.14475
3.53775 -0.259 9.26375
3.6565 0.53675 8.99575
3.532 0.00775000000000001 9.00575
3.62525 0.0957499999999999 8.91
3.741 0.374 8.9755
3.6515 -0.027 9.095
3.631 0.05225 9.1775
3.60375 -0.1715 9.17275
3.48975 -0.10775 9.21825
3.66625 0.10125 9.02875
3.296 -0.30375 9.194
3.26725 -0.3605 9.32825
3.583 -0.05425 9.189
3.65525 0.0655 9.02025
3.52275 -0.26075 9.2675
3.68925 0.30775 8.9325
3.67125 0.16225 9.09975
3.5595 -0.07625 8.97475
3.406 -0.257 9.1545
3.63575 -0.00875000000000001 9.07925
3.30075 -0.38 9.2445
3.61725 -0.02425 9.06125
3.59475 -0.084 9.07475
3.35775 -0.15225 9.15075
3.5885 -0.00575000000000001 9.1415
3.762 0.0575 8.9415
3.57025 0.062 9.191
3.7045 0.1945 9.14775
3.75275 0.187 9.12975
3.6475 0.124 9.05425
3.45025 -0.23675 9.2175
3.74525 0.4205 8.99625
3.54975 -0.0495 9.13125
3.61475 0.0935 9.1065
3.59925 -0.00950000000000001 9.1115
3.62525 0.075 9.1865
3.9015 0.4075 9.01275
3.65825 0.177 8.99325
3.54275 0.0585 9.23225
3.8805 0.104 9.00675
3.498 -0.02225 9.267
3.57475 -0.122 9.05325
3.54125 0.2045 9.1215
3.594 -0.084 9.05225
3.584 -0.1035 9.22375
3.67125 0.13375 9.0355
3.27975 -0.436 9.257
3.667 -0.0015 9.113
3.5785 0.00525 9.188
3.69175 0.09675 9.04825
3.65625 0.20375 9.19575
3.5605 -0.1065 9.316
3.558 0.0535 9.33275
3.70025 0.02225 9.057
3.663 0.065 9.088
3.60825 0.10825 9.28075
3.5855 0.019 9.16625
3.495 -0.18825 9.0845
3.53675 -0.04275 9.186
3.355 -0.5615 9.30375
3.78425 0.4215 9.06225
3.657 0.0915 9.10875
3.6445 0.16675 9.32025
3.71425 0.18225 9.078
3.64975 0.0685 9.11725
3.77 0.17375 8.97125
3.6665 0.12075 8.95475
3.3805 -0.164 9.26575
3.78975 0.1265 9.149
3.76475 0.24025 9.0905
3.55675 -0.21475 9.1855
3.6825 0.2915 9.25925
3.688 0.26925 9.14725
3.5305 -0.27025 9.17625
3.5685 -0.052 9.10075
3.647 0.05825 9.16125
3.6445 -0.0495 9.10975
3.96575 0.53275 9.03275
3.52975 -0.137 9.18825
3.52375 -0.09075 9.09825
3.704 0.13425 9.0925
3.67375 0.06975 8.8685
3.367 -0.05475 9.36275
3.573 -0.14875 8.95825
3.52925 -0.0915 9.194
3.70975 0.321 9.105
3.532 0.00475000000000002 9.3105
3.656 0.35625 8.90775
3.648 0.07825 9.06975
3.55975 -0.12875 8.98875
3.5705 0.0055 9.277
3.63 0.0045 9.19575
3.49975 -0.0735 9.1855
3.5265 -0.02 9.21175
3.5165 -0.1815 9.032
3.637 -0.01375 8.9395
3.65125 0.1435 9.2095
3.71825 0.062 9.05875
3.441 -0.11925 9.20125
3.712 0.0625 9.0245
3.646 0.11975 9.02975
3.5395 -0.184 9.04675
3.66425 0.222 9.0735
3.5525 -0.2325 9.2365
3.69875 0.27775 9.01525
3.6525 0.0755 9.0525
3.34575 -0.48075 9.2095
3.9545 0.48375 9.00125
3.393 -0.26975 9.2315
3.80075 0.2605 9.066
4.03225 0.565 8.9325
4.009 0.33575 9.0165
3.489 0.017 9.18975
3.5465 -0.074 9.1705
3.7245 0.255 9.072
3.41125 -0.588 9.162
3.5675 -0.043 9.16125
3.55975 0.177 9.30175
3.608 -0.11425 9.1505
3.669 0.0485 9.166
3.6925 0.13675 9.0495
3.51025 -0.151 9.14925
3.602 0.0045 9.14025
3.80025 0.223 8.99325
3.5895 0.04025 9.08775
3.939 0.314 9.01375
3.598 0.002 9.0955
3.55975 0.00799999999999998 9.189
3.71725 0.09325 9.10225
3.57125 -0.15875 9.047
3.4765 -0.0875 9.25675
3.8245 0.54125 8.99975
3.55875 -0.06475 9.36325
3.5895 -0.0425 9.17575
3.617 0.0435 9.163
3.67425 0.0425 9.11825
3.68975 0.05775 9.057
3.458 -0.11425 9.19225
3.55975 -0.0125 9.1215
3.8675 0.07475 9.112
3.571 0.027 9.186
3.91075 0.43725 8.966
3.60275 0.01575 9.15775
3.7305 0.1455 9.103
3.57925 -0.097 9.14375
3.53625 -0.10875 9.2065
3.80125 0.43725 9.05275
3.34475 -0.285 9.32175
3.583 -0.045 9.199
3.56575 -0.073 9.09375
3.67975 0.16425 9.118
3.81225 0.149 9.0015
3.7595 0.04825 9.17875
3.6355 0.117 9.13625
3.82875 0.3105 9.17525
3.6455 0.30975 8.9235
3.67325 -0.324 9.1035
3.541 0.03725 9.11075
3.7935 0.33575 8.95525
3.60025 -0.1045 9.0395
3.54775 0.0145 9.22475
3.5675 0.01125 9.222
3.631 0.10225 9.21175
3.717 0.04775 9.032
3.463 -0.11475 9.2665
3.294 -0.22825 9.1555
3.819 0.13225 8.96825
3.31 -0.2235 9.3855
3.72975 -0.04325 9.12125
3.65075 0.03925 9.09325
3.68525 0.13825 9.20975
3.5895 0.091 8.9695
3.3165 -0.30425 9.141
3.96725 0.35175 8.9795
3.5715 0.02 9.09825
3.48825 -0.13725 9.2555
3.5485 -0.14475 9.141
3.657 -0.04925 9.1095
3.8615 0.43725 8.9385
3.57725 -0.09 9.0055
3.64675 0.2055 9.032
3.7095 0.19625 9.1305
3.519 -0.1875 9.132
3.7965 0.31975 8.98075
3.38125 -0.3805 9.2605
3.623 -0.0567500000000001 9.0375
3.324 -0.535 9.32975
3.60075 0.0565 9.1045
3.98125 0.46175 8.88375
3.479 -0.194 9.25525
3.599 -0.04875 9.012
3.7865 0.1335 8.87275
3.34475 -0.21325 9.23
3.36775 -0.1555 9.34725
3.9285 0.259 9.06575
3.573 0.0195 9.0935
3.56875 0.13425 9.1
3.522 -0.02475 9.03575
3.51125 -0.22625 9.21975
3.4945 -0.57125 9.32575
3.54275 -0.10275 9.10475
3.6135 0.043 9.06375
3.62825 0.01275 9.0935
3.61225 0.03675 9.04025
3.65525 -0.00974999999999998 9.07525
3.51725 -0.0315 9.03275
3.67225 0.1265 9.046
3.588 0.052 9.29225
3.56875 -0.1265 9.1925
3.52275 -0.38175 9.18575
3.73775 0.1585 9.099
3.497 -0.23675 9.205
3.79025 0.41 9.0415
3.5415 -0.13175 9.13275
3.5545 -0.15675 9.0485
3.51075 -0.297 9.144
3.619 0.12675 8.94525
3.59825 -0.02975 9.008
3.61125 0.047 9.193
3.616 -0.22025 8.998
4.04475 0.39525 8.813
3.6545 0.097 8.92525
3.51275 0.00875000000000001 9.36175
3.61425 0.05025 8.9695
3.496 -0.13925 9.1735
3.58425 0.202 9.05625
3.60075 -0.0655 8.869
3.4895 -0.12975 9.1455
3.652 0.17125 9.14475
3.45875 -0.17975 9.2215
3.77925 0.439 9.062
3.632 -0.0395 9.058
3.625 0.08025 9.06
3.52425 0.02675 9.107
3.5295 0.06025 9.16475
3.18125 -0.52625 9.3805
3.404 -0.04525 9.185
3.458 0.03575 9.1485
3.643 -0.07325 9.01025
4.04875 0.26425 8.8655
3.366 -0.146 9.28275
3.8535 0.115 8.9875
4.01375 0.213 8.96425
3.641 0.06725 9.20125
3.33025 -0.01525 9.176
3.70925 -0.021 9.095
3.287 -0.084 9.23
3.86225 0.08575 9.02875
3.44925 -0.062 9.227
3.89875 0.13575 8.9405
3.75125 0.24325 9.131
3.6995 0.18975 9.0615
3.8165 0.17025 9.093
3.669 -0.016 9.11075
3.40775 0.04025 9.06975
3.66925 0.0015 9.1265
3.6305 0.02225 9.1045
3.5895 0.015 9.15775
3.56775 -0.086 9.168
3.6735 0.01875 9.2075
3.5825 -0.0805 9.1185
3.59975 0.11075 9.0535
3.6235 0.01125 9.064
3.614 0.054 9.1125
3.6085 -0.0295 9.13625
3.63525 -0.002 9.048
3.63375 0.02775 9.08
3.59175 -0.03675 9.15725
3.569 0.0365 9.1375
3.608 0.107 9.11425
3.54825 -0.0615 9.1135
3.63825 0.04325 9.066
3.60875 0.029 9.125
3.605 0.00825 9.11325
3.6155 0.031 9.10775
3.61275 0.0315 9.11075
3.6105 0.024 9.109
3.61675 0.0275 9.109
3.61025 0.02175 9.10675
3.61525 0.0265 9.10275
3.61375 0.01975 9.10775
3.61 0.0225 9.1095
3.61175 0.02525 9.10375
3.6115 0.01725 9.103
3.608 0.024 9.10725
3.609 0.02425 9.1115
3.617 0.02325 9.10725
3.61275 0.02775 9.1075
3.6105 0.0245 9.10675
3.61275 0.02675 9.11225
3.61475 0.018 9.09925
3.60875 0.0205 9.11025
3.6095 0.02275 9.10725
3.60975 0.0265 9.1155
3.61025 0.0265 9.10275
3.618 0.0235 9.1055
3.61425 0.02825 9.103
3.6055 0.02025 9.1125
3.61225 0.0255 9.10775
3.613 0.024 9.1165
3.61225 0.0265 9.1115
3.61425 0.02775 9.10075
3.61025 0.02425 9.10225
3.612 0.018 9.1165
3.611 0.02425 9.10825
3.6175 0.02625 9.09825
3.61075 0.02825 9.10575
3.6145 0.0225 9.106
3.60975 0.01975 9.10375
3.60925 0.0195 9.10775
3.61925 0.0285 9.10375
3.6105 0.02375 9.11275
3.60925 0.021 9.10875
3.62075 0.025 9.10525
3.60575 0.02575 9.10375
3.61675 0.019 9.10675
3.613 0.028 9.107
3.621 0.0245 9.1115
3.614 0.01725 9.1025
3.608 0.028 9.10725
3.6175 0.01975 9.10725
3.6075 0.024 9.106
3.6195 0.0255 9.10225
3.61325 0.0185 9.1035
3.612 0.0215 9.108
3.61375 0.025 9.1045
3.61125 0.02275 9.10975
3.614 0.023 9.108
3.61275 0.02225 9.10725
3.60875 0.022 9.10325
3.6115 0.016 9.121
3.613 0.0275 9.10975
3.61675 0.02325 9.11275
3.618 0.0275 9.109
3.61425 0.01725 9.11575
3.61675 0.025 9.11175
3.617 0.01925 9.0995
3.614 0.0215 9.11025
3.61425 0.0255 9.10525
3.61575 0.0225 9.09725
3.61625 0.0225 9.10525
3.61925 0.021 9.107
3.62025 0.02775 9.104
3.614 0.022 9.10375
3.615 0.0235 9.109
3.6135 0.019 9.109
3.6095 0.028 9.1055
3.6125 0.02575 9.1075
3.61475 0.0195 9.11375
3.62025 0.02125 9.10425
3.61925 0.02825 9.10525
3.61525 0.0255 9.114
3.611 0.02125 9.10875
3.6125 0.02 9.11075
3.615 0.02475 9.10575
3.61475 0.0275 9.10225
3.612 0.0215 9.109
3.61975 0.0255 9.10375
3.611 0.028 9.10375
3.61275 0.02625 9.098
3.613 0.02225 9.10575
3.61625 0.02325 9.10975
3.6135 0.0225 9.10025
3.60875 0.0245 9.0975
3.61025 0.0235 9.1075
3.61525 0.03025 9.10075
3.61025 0.02 9.109
3.61225 0.02375 9.1045
3.61225 0.02325 9.10875
3.6155 0.02625 9.115
3.61225 0.02675 9.10175
3.61475 0.018 9.09775
3.61775 0.0275 9.096
3.61275 0.026 9.09625
3.6115 0.02375 9.108
3.61375 0.0255 9.11125
3.61375 0.021 9.12175
3.6145 0.02525 9.111
3.61525 0.03075 9.1115
3.6145 0.0205 9.107
3.621 0.024 9.108
3.61325 0.02725 9.109
3.61775 0.0265 9.1115
3.618 0.0215 9.10525
3.61525 0.024 9.1105
3.613 0.02375 9.11225
3.6135 0.02125 9.1045
3.61975 0.0275 9.109
3.6355 0.08675 9.092
3.6055 0.035 9.12525
3.60425 -0.02425 9.1075
3.60125 0.08025 9.12225
3.59575 -0.0295 9.12375
3.58425 -0.01 9.11375
3.639 -0.024 9.091
3.60925 0.087 9.13575
3.639 0.0065 9.09625
3.625 0.03225 9.146
3.57325 0.0235 9.151
3.62825 0.03375 9.0685
3.63175 0.024 9.07225
3.63075 0.0165 9.09975
3.5505 -0.0855 9.09
3.62175 0.0355 9.08875
3.6835 -0.0345 9.094
3.62525 -0.006 9.103
3.688 0.007 9.06075
3.5605 0.11875 9.14225
3.6055 0.02775 9.1155
3.59925 0.0325 9.07675
3.68225 0.0115 9.05925
3.616 -0.02175 9.1185
3.60325 -0.00025 9.1125
3.605 0.009 9.112
3.67975 0.081 9.0825
3.651 0.0655 9.066
3.58425 0.0105 9.144
3.61375 -0.007 9.14975
3.6085 0.03675 9.0785
3.581 0.04325 9.081
3.627 0.02825 9.099
3.508 -0.05775 9.18275
3.6035 -0.0025 9.117
3.6515 0.0475 9.07725
3.619 0.01325 9.11775
3.6835 0.0975 9.07825
3.62325 0.01775 9.145
3.61425 0.01825 9.131
3.543 0.0645 9.161
3.62475 0.02075 9.06925
3.59275 0.0235 9.11475
3.667 0.0325 9.1165
3.642 0.042 9.08875
3.433 -0.05475 9.25425
3.58275 -0.000499999999999999 9.09575
3.624 0.01475 9.07325
3.582 0.0515 9.12675
3.57175 -0.02275 9.15175
3.6315 0.08875 9.11375
3.59825 0.1185 9.12475
3.6245 0.04325 9.09925
3.5095 0.056 9.16925
3.6135 0.02025 9.10525
3.54 -0.1375 9.1355
3.61425 0.07425 9.12325
3.564 -0.0135 9.1395
3.612 0.049 9.13225
3.55225 0.0085 9.14675
3.634 0.062 9.09575
3.5415 0.158 9.12525
3.6265 0.028 9.03
3.5885 0.03175 9.11875
3.6295 -0.1365 9.0555
3.61675 -0.00775 9.11475
3.65325 0.064 9.13175
3.56125 0.05425 9.15775
3.6465 0.0325 9.091
3.5935 0.02275 9.08975
3.6225 -0.0105 9.1005
3.7555 -0.0825 9.027
3.638 0.05775 9.12225
3.635 0.0095 9.10975
3.63025 -0.03675 9.148
3.6105 0.02225 9.10775
3.6535 0.1265 9.08375
3.5825 0.08925 9.14375
3.65675 0.18 9.09775
3.594 0.10125 9.09625
3.57575 0.034 9.12125
3.63475 0.042 9.0985
3.648 0.0565 9.0685
3.553 -0.0195 9.16375
3.65125 0.04625 9.0995
3.6695 -0.055 9.0615
3.69125 0.11625 9.04575
3.5925 0.11625 9.0995
3.57925 0.00125 9.153
3.62725 0.02925 9.11175
3.6025 0.0315 9.0985
3.651 0.00825 9.0905
3.637 -0.0475 9.11725
3.618 0.01375 9.11625
3.6325 0.01025 9.114
3.63325 0.105 9.105
3.639 0.03425 9.10725
3.57575 0.086 9.09775
3.55975 0.0315 9.121
3.637 0.05275 9.083
3.58175 0.06425 9.1595
3.58675 -0.00875 9.105
3.6345 -0.041 9.15375
3.612 0.04275 9.12425
3.631 0.08125 9.11575
3.60125 -0.0935 9.13525
3.60775 0.029 9.1135
3.66225 -0.02675 9.08975
3.62875 0.0495 9.08525
3.62825 -0.04425 9.09075
3.65 -0.0905 9.1395
3.61975 0.03625 9.09775
3.6595 0.0385 9.0815
3.62825 0.03425 9.0905
3.64725 0.02025 9.0935
3.6125 0.0195 9.11075
3.61625 0.03425 9.087
3.61325 0.0985 9.13725
3.62325 0.02675 9.1015
3.71625 -0.08425 9.0285
3.61875 0.0265 9.106
3.61825 0.019 9.1085
3.6485 0.01625 9.083
3.65975 0.0815 9.10525
3.60775 0.15775 9.13725
3.58375 0.055 9.1115
3.6335 -0.0235 9.09875
3.6185 -0.03 9.115
3.6155 0.054 9.0825
3.589 -0.03025 9.1635
3.58375 0.061 9.0915
3.6755 0.02575 9.096
3.6535 0.00725 9.04525
3.61425 0.00425 9.091
3.61225 -0.0045 9.09375
3.6155 0.0195 9.1165
3.6065 0.016 9.07975
3.66725 0.041 9.0635
3.6455 0.00525 9.07
3.60075 0.06275 9.10325
3.62925 0.06275 9.10375
3.60475 0.03575 9.09275
3.693 0.11175 9.0825
3.6675 0.01575 9.076
3.641 -0.024 9.1095
3.577 0.04525 9.132
3.62325 0.02275 9.10975
3.6155 0.019 9.114
3.6155 0.02225 9.11675
3.619 0.01925 9.107
3.61725 0.024 9.107
3.6135 0.02 9.1095
3.6235 0.023 9.10525
3.61475 0.02525 9.11575
3.616 0.0225 9.10525
3.61525 0.0235 9.09825
3.6155 0.02375 9.1135
3.6195 0.02425 9.10525
3.618 0.023 9.107
3.61725 0.02675 9.1075
3.61475 0.02325 9.10175
3.61575 0.0245 9.1055
3.62 0.02 9.10775
3.614 0.0195 9.1075
3.6165 0.023 9.0985
3.61375 0.02625 9.1065
3.613 0.0275 9.1165
3.61675 0.0195 9.114
3.615 0.0245 9.11075
3.613 0.02125 9.1125
3.61875 0.02 9.10375
3.6185 0.02725 9.1085
3.61625 0.02575 9.108
3.6175 0.02 9.10625
3.613 0.02375 9.104
3.61375 0.0265 9.115
3.61575 0.02225 9.11425
3.61075 0.023 9.10625
3.613 0.022 9.1125
3.61275 0.023 9.10675
3.61575 0.02425 9.11325
3.61275 0.0255 9.11
3.61375 0.02025 9.10175
3.61275 0.02775 9.10775
3.6125 0.02425 9.112
3.61175 0.02775 9.10225
3.616 0.0275 9.11025
3.61175 0.02225 9.10675
3.612 0.0245 9.113
3.6185 0.02375 9.1185
3.617 0.02025 9.1145
3.61575 0.025 9.1075
3.6095 0.021 9.11125
3.614 0.01875 9.114
3.60875 0.02625 9.11275
3.612 0.024 9.1065
3.6105 0.0195 9.11
3.6155 0.0285 9.11525
3.61275 0.01925 9.11175
3.615 0.03025 9.1105
3.61125 0.01875 9.11
3.60975 0.02325 9.1135
3.6095 0.025 9.11125
3.61025 0.025 9.10875
3.6115 0.02675 9.109
3.60825 0.02825 9.1085
3.60975 0.03025 9.10375
3.61275 0.027 9.11725
3.6105 0.02325 9.109
3.6055 0.0205 9.108
3.61525 0.0235 9.10625
3.611 0.0245 9.12
3.61 0.02425 9.12
3.61325 0.02225 9.11625
3.6115 0.0285 9.10975
3.60975 0.023 9.11025
3.61 0.02525 9.1065
3.61225 0.0265 9.11075
3.60825 0.02675 9.11075
3.6135 0.0325 9.1105
3.6125 0.0285 9.11475
3.611 0.02425 9.11575
3.609 0.025 9.11425
3.61325 0.02825 9.123
3.611 0.02675 9.107
3.61425 0.0285 9.1165
3.60775 0.02725 9.112
3.6115 0.0225 9.114
3.6185 0.02275 9.123
3.6155 0.02575 9.12
3.608 0.0245 9.11125
3.6155 0.0225 9.11275
3.61425 0.0295 9.1005
3.6165 0.014 9.11825
3.59275 0.031 9.105
3.60025 0.03575 9.12225
3.597 0.0375 9.1365
3.601 0.13775 9.1165
3.67175 0.11725 9.03675
3.5985 -0.052 9.12225
3.60775 0.0635 9.09975
3.608 0.0465 9.111
3.61325 0.0205 9.09775
3.60875 0.01775 9.12275
3.6025 0.032 9.113
3.60325 0.035 9.113
3.613 0.0365 9.1085
3.60225 0.023 9.112
3.6105 0.031 9.1175
3.61525 0.0235 9.12425
3.6195 0.03625 9.12675
3.466 -0.25625 9.3325
3.55275 0.125 9.02425
3.61375 -0.04175 9.13925
3.6715 0.0495 9.06
3.663 0.17675 9.166
3.60925 0.02725 9.1115
3.6165 0.01775 9.118
3.61925 -0.01925 9.11375
3.6105 0.02725 9.105
3.59375 0.033 9.1185
3.62725 0.01725 9.14
3.6095 0.00325 9.108
3.623 0.01075 9.1235
3.61075 0.05025 9.10875
3.62825 0.00575 9.10775
3.576 0.02975 9.13025
3.611 0.01575 9.103
3.5995 0.03825 9.10875
3.6145 0.0215 9.1165
3.5985 0.01975 9.1185
3.595 0.032 9.11325
3.61775 0.0275 9.107
3.6015 0.000499999999999998 9.0945
3.588 0.02225 9.11275
3.6695 0.003 9.0905
3.6635 0.05325 9.09525
3.60475 -0.024 9.13775
3.66275 0.03575 9.11375
3.58975 0.0035 9.1685
3.63225 0.0635 9.147
3.675 0.02775 9.1005
3.59675 0.0145 9.07925
3.59825 0.0205 9.139
3.32825 -0.05825 9.2675
3.57925 0.2965 9.10675
3.9135 0.25125 8.97575
3.317 0.0365 9.18075
4.01375 0.20175 8.8725
3.701 0.28275 9.0105
3.58525 -0.0257500000000001 9.25275
3.5945 0.319 9.02525
3.613 0.358 9.09325
3.60875 0.08275 9.0325
3.6615 -0.05525 8.92225
3.70275 0.27525 9.16125
3.6405 0.95675 8.907
3.67825 0.3045 8.958
3.63975 0.3235 9.041
3.2505 -0.45775 9.2985
3.66925 0.0345 9.217
3.757 0.26575 8.99925
3.23425 -0.609 9.09125
3.65675 0.407 9.0995
3.73525 0.2455 8.989
3.6795 0.439 9.1175
3.40425 -0.27375 9.20025
3.66425 0.3365 9.03025
3.48375 -0.47825 9.015
3.62375 -0.17825 9.11725
3.4085 -0.5155 9.53175
3.9285 0.50325 8.93125
3.50025 -0.09175 9.20275
3.59525 0.00175 9.34925
3.22625 -0.5265 9.34675
3.57825 -0.01125 9.0035
3.4575 -0.0585 9.0215
3.57475 0.22675 9.12375
3.52425 -0.3135 9.18825
3.76025 0.419 8.94675
4.01025 0.60825 8.99625
3.16375 -0.6375 8.98925
3.9445 0.45325 9.04075
3.51975 0.0775 9.02775
3.31025 -0.337 9.40125
3.76825 0.27075 8.9505
3.5315 -0.038 9.162
3.56675 -0.0795 9.23
3.3255 -0.76125 9.168
3.425 -0.2225 9.0765
3.64125 0.2115 8.92775
3.49975 -0.03725 9.01675
3.3695 -0.32925 9.52325
3.59875 -0.02375 9.2585
3.85975 0.15975 8.993
3.859 0.61275 8.8115
3.64975 0.1695 8.92775
3.51475 0.0445 9.178
3.18 -0.60225 9.44925
4.00075 0.66125 8.932
3.60975 0.003 8.92125
3.6335 0.443 9.0575
3.536 -0.24125 9.32
3.44125 -0.0212499999999999 8.8765
3.595 0.0944999999999999 9.06225
3.637 0.098 9.187
3.507 -0.0802499999999999 9.132
3.258 -0.42925 9.35225
3.6425 0.231 9.002
3.68525 0.08525 9.04225
3.5405 -0.09125 9.23875
3.3105 -0.5675 9.29
3.472 -0.07775 9.028
3.62075 -0.185 9.203
3.634 0.0245 9.23375
3.68525 0.0935 9.2055
3.62 -0.0535 8.959
3.46025 -0.4055 9.3425
3.5535 0.176 9.124
3.42775 -0.20575 9.27725
3.74725 0.1655 9.12925
3.75025 0.36425 8.79475
3.499 -0.29475 9.1735
3.45125 -0.29475 9.24675
3.3925 -0.77475 9.1495
3.5045 -0.23375 9.30475
3.57875 -0.11675 8.8755
3.641 0.27525 9.03275
3.59275 0.06675 9.054
3.60725 0.05225 9.102
3.54175 0.06875 9.04725
3.596 0.17125 8.99175
3.7775 0.16075 9.0655
3.758 0.16575 8.97175
3.555 0.109 9.10075
3.5035 0.00525 9.2355
3.6625 0.1545 9.0625
3.56725 -0.0235 9.06425
3.731 0.695 9.0675
3.56975 -0.06 9.21825
3.6625 0.2845 9.00525
3.294 -0.7345 8.98
3.52975 0.0785 8.9695
3.56025 0.0275 9.0565
3.55875 -0.213 9.23425
3.45775 -0.00424999999999998 9.164
3.6205 0.33775 9.04325
3.67875 0.2035 8.98175
3.3085 -0.411 9.1265
3.533 -0.17675 9.162
3.59 0.2535 9.084
3.77225 0.22125 9.0845
3.55575 0.17725 9.13625
3.4605 -0.0525 9.251
3.5555 -0.2545 9.24525
3.59725 -0.0815 9.322
3.626 -0.173 9.2245
3.61275 0.0115 9.25075
3.5885 0.0225 9.03625
3.36175 -0.4135 9.23775
3.69775 -0.05875 9.12975
3.4915 -0.00174999999999997 9.09975
3.4075 -0.48925 9.37075
3.701 0.288 9.02425
3.612 -0.19525 9.39325
3.75125 0.40525 9.01575
3.6015 0.1825 9.08925
3.59125 -0.068 8.94375
3.5595 0.01025 8.98075
3.62075 0.16225 9.00075
3.57125 0.12175 9.0615
3.57425 0.1345 8.9775
3.853 0.39975 9.0245
3.59325 -0.12375 9.11725
3.5615 0.20325 9.12325
3.657 0.17525 8.99925
3.512 0.0315 9.0295
3.6465 0.334 9.1055
3.4925 -0.76925 9.13
3.70075 0.344 9.0865
3.42525 -0.40125 9.06675
3.6575 0.17775 9.2595
3.84325 0.82025 9.04625
3.88725 0.7335 8.8755
3.54975 -0.24525 9.2065
3.37175 -0.27825 9.2155
3.62175 -0.015 9.2565
3.789 0.37475 9.0465
3.76775 0.19775 8.962
3.2595 -0.38825 9.13625
3.63475 -0.1935 9.21675
3.6795 -0.0605 8.98625
3.61125 0.338 9.09925
3.36075 -0.81575 9.192
3.58825 0.17125 9.1155
3.6125 0.593 8.87775
3.39525 -0.41125 9.24325
3.87275 0.563 8.88175
3.717 0.27525 8.98925
3.109 -0.75975 9.371
3.3785 -0.261 9.18025
3.7905 0.4995 8.90575
3.62925 0.30025 9.167
3.8165 0.25575 9.15075
3.6855 0.24475 9.0575
3.6655 0.12425 9.195
3.5535 0.13975 9.008
3.582 0.08425 9.072
3.6135 0.20375 9.06025
3.6595 0.18075 9.09675
3.34275 -0.4765 9.338
3.44475 -0.20725 9.192
3.786 0.3085 9.04875
3.68175 0.2625 9.11525
3.45475 0.01525 8.961
3.559 -0.30525 9.1515
3.65125 0.402 9.10725
3.617 0.148 9.0335
3.538 0.02475 9.077
3.72325 -0.04975 9.197
3.50875 -0.127 9.474
3.7385 0.488 8.877
3.5425 -0.116 9.0385
3.445 0.05875 9.12925
3.60525 0.29625 9.10525
3.51775 -0.124 9.193
3.73475 0.442 9.1255
3.59125 -0.23475 9.17375
3.675 0.37575 9.12675
3.7715 -0.13525 9.06025
3.4735 0.0392500000000001 8.97275
3.56275 -0.032 9.093
3.66 0.000500000000000007 9.275
3.36775 -0.5085 9.23375
3.72825 0.10325 9.19775
3.7035 0.279 9.04275
3.6375 0.21025 9.119
3.51225 -0.322 9.1465
3.529 -0.15475 9.1445
3.694 0.292 9.12275
3.556 -0.22325 9.179
3.6765 0.29725 8.90775
3.63625 -0.16725 8.978
3.64325 -0.0614999999999999 9.06525
3.58725 0.49775 9.0885
3.81225 0.155 9.30975
3.652 0.00475 9.055
3.35425 -0.318 9.1685
3.73125 0.0555 9.08975
3.4645 0.144 9.102
3.78775 0.3075 9.062
3.58275 0.0185 9.2175
3.759 0.36225 9.152
3.466 -0.0475 9.00675
3.4805 -0.54875 9.20275
3.55925 0.284 9.16175
3.58 -0.0655 8.99725
3.51425 0.0315 9.06275
3.59175 0.15975 9.06325
3.5455 0.12975 9.054
3.61975 -0.13525 9.09425
3.42925 -0.3355 9.1665
3.45675 -0.31775 9.1875
3.827 0.263 8.98875
3.5425 0.0215 9.092
3.7355 0.4635 9.05475
3.64725 -0.15925 9.1685
3.544 0.19825 9.17875
3.599 -0.58025 9.2795
3.54975 0.19775 9.1175
3.411 -0.071 9.22675
3.5875 -0.1705 8.98475
3.548 0.02225 9.07275
3.585 -0.2965 9.25225
3.71225 0.19675 9.0905
3.55025 -0.16725 9.22375
3.5795 0.0935 9.16075
3.70725 0.24425 9.111
3.6275 -0.05025 9.12725
3.594 -0.15225 9.32625
3.71475 0.3605 9.18125
3.6455 0.09375 8.94525
3.4875 0.23825 9.095
3.90825 0.444 9.017
3.331 -0.526 9.0945
3.576 -0.02675 8.94525
3.59925 0.032 9.019
3.45575 -0.23775 9.18925
3.6955 0.33825 9.025
3.619 0.14425 8.991
3.63375 0.0985 9.17
3.557 -0.01725 9.23825
3.76075 0.165 8.94375
3.39525 -0.259 9.362
3.5685 -0.19775 9.185
3.58325 0.0495 9.0065
3.61775 -0.101 8.97525
3.59275 -0.0825 9.25375
3.47075 -0.13675 9.20425
3.54875 0.243 9.05
3.647 0.22025 9.0715
3.65475 0.03325 9.21475
3.55175 -0.1425 9.2855
3.471 -0.26725 9.16325
3.66725 0.17525 8.9705
3.55925 0.09975 9.10275
3.623 0.15075 9.14675
3.65025 -0.14425 9.34875
3.5665 -0.08475 9.20575
3.79975 0.09725 9.18425
3.71575 -0.021 9.05075
3.39875 -0.347 9.22425
3.66125 0.08525 9.11275
3.40325 -0.127 9.08775
3.59875 0.11625 9.18475
3.572 0.042 9.019
3.8135 0.36825 9.109
3.45725 -0.49875 9.1545
3.59975 0.02625 8.9265
3.5085 -0.0955 9.08825
3.5625 -0.12425 9.301
3.5945 -0.09075 8.898
3.902 0.5455 8.87325
3.56475 -0.0524999999999999 9.312
3.53525 -0.2955 9.1545
3.48875 -0.0975 9.16575
3.655 0.0985 9.11025
3.65525 0.23625 9.12075
3.52625 -0.35475 9.06125
3.57425 0.043 9.0605
3.525 -0.2395 9.19525
3.60975 -0.2795 9.2515
3.618 0.168 9.0085
3.71325 0.09475 9.36875
3.826 0.2115 9.14125
3.51275 -0.2165 9.4025
3.386 -0.51775 9.18975
3.5215 0.03175 9.1085
3.6905 0.0905 8.95825
3.504 -0.00875000000000004 9.01375
3.749 0.3705 9.0265
3.414 -0.2495 9.12425
3.617 0.34425 9.03925
3.61425 0.41175 9.104
3.6245 -0.1435 9.203
3.7365 0.73025 8.9415
3.66125 0.0535 9.10525
3.75675 0.3355 9.073
3.692 0.37675 9.05825
3.43475 -0.0995 9.21
3.495 -0.00625000000000001 9.16625
3.73175 0.0490000000000001 9.15475
3.62825 0.299 9.0205
3.69425 -0.07175 9.23075
3.63875 -0.03275 8.97675
3.44325 -0.18275 9.104
3.6705 0.17425 9.00925
3.6165 0.10225 9.12
3.58325 0.09025 9.09075
3.65425 -0.0495 9.26675
3.645 0.10325 9.124
3.61275 0.13125 8.979
3.66475 0.2385 9.06825
3.6285 0.10375 9.10825
3.565 -0.0665 9.173
3.868 0.51025 9.07225
3.62125 0.079 9.155
3.71 0.37425 9.04925
3.47325 -0.4365 9.08825
3.818 0.42025 9.06075
3.45075 -0.53475 9.1615
3.57625 0.015 9.0545
3.5385 -0.19925 9.13825
3.49825 -0.09075 9.19125
3.82125 0.30375 9.0675
3.47925 -0.2715 9.295
3.429 -0.30375 9.16075
3.89025 0.43 8.95025
3.6855 -0.11125 9.11225
3.44325 -0.18175 8.99575
3.656 -0.00424999999999998 8.9575
3.45175 -0.4185 9.26975
3.79675 0.64 9.059
3.6205 -0.03625 9.02825
3.55425 0.083 8.974
3.63125 -0.0385 9.0265
3.4975 -0.41825 9.10125
3.4955 0.056 9.00075
3.83 0.255 9.015
3.45625 -0.05825 9.1285
3.553 0.08825 9.19125
3.6885 0.45925 9.03025
3.4125 -0.6105 9.44225
3.6385 0.378 8.966
3.327 -0.78375 9.25625
3.5935 0.16475 8.98675
3.60775 0.5495 8.9315
3.75475 0.152 9.12
3.278 -0.4755 9.2235
4.07075 0.766 8.761
3.52475 -0.15825 9.23175
3.55 0.16925 9.10025
3.586 0.1725 8.93275
3.64725 0.17425 9.1545
3.4135 -0.26725 9.30775
3.73425 0.37825 8.99425
3.79925 0.261 8.9875
3.48225 -0.1975 9.23325
3.85275 0.3115 9.12175
3.73575 0.26625 9.1975
3.329 -0.28575 9.26375
3.6455 0.164 9.086
3.51675 0.081 9.206
3.4315 0.12875 9.30375
3.676 -0.0015 9.00225
3.5895 -0.31575 9.1815
3.98825 0.33775 8.876
3.3705 0.2055 9.18925
3.2135 -0.21075 9.38875
3.258 -0.23675 9.394
3.19825 0.00375 9.15525
3.698 0.27375 9.14975
3.873 0.013 9.01325
3.4395 -0.096 9.22025
3.66225 0.0045 9.018
3.5545 0.15275 9.15025
3.717 -0.052 9.07575
3.53325 -0.10575 9.07325
3.5465 -0.01125 9.189
3.57175 0.0575 9.07525
3.72725 0.064 8.9855
3.54125 0.14025 9.127
3.62475 0.07675 9.07775
3.5925 0.0445 9.14725
3.686 -0.09 9.0545
3.6195 0.037 9.18525
3.625 0.07125 9.0645
3.57925 -0.01175 9.2135
3.57725 -0.03175 9.1795
3.62025 0.005 9.117
3.61275 0.01875 9.131
3.599 0.01525 9.12
3.59875 0.023 9.117
3.598 0.029 9.11625
3.60425 0.0225 9.1185
3.59625 0.02875 9.1175
3.60825 0.017 9.111
3.59225 0.02425 9.10575
3.601 0.02175 9.108
3.59925 0.02 9.1095
3.60025 0.02375 9.10975
3.599 0.0235 9.11625
3.6025 0.02225 9.1085
3.596 0.02225 9.11025
