3.6755 0.035 9.074
3.6515 0.05875 9.07675
3.647 0.054 9.08075
3.6555 0.05025 9.08175
3.6485 0.0595 9.09675
3.64625 0.057 9.08475
3.65 0.05675 9.08975
3.65525 0.0545 9.087
3.65225 0.0545 9.0875
3.648 0.0535 9.084
3.63925 0.06175 9.09025
3.64575 0.06025 9.08575
3.64425 0.0625 9.08025
3.6435 0.06425 9.092
3.64525 0.0565 9.086
3.64925 0.05875 9.08375
3.64725 0.06075 9.0935
3.646 0.05925 9.0925
3.6475 0.056 9.09425
3.64375 0.05875 9.095
3.64475 0.059 9.09125
3.64275 0.06025 9.08725
3.64975 0.05175 9.08225
3.63925 0.06375 9.0915
3.6445 0.06 9.09675
3.64625 0.06025 9.093
3.646 0.0605 9.09225
3.6545 0.05975 9.08975
3.64475 0.056 9.09425
3.63725 0.05625 9.09
3.64775 0.058 9.095
3.64275 0.05625 9.09225
3.649 0.062 9.0935
3.63825 0.0565 9.09375
3.6455 0.05425 9.0905
3.64825 0.0575 9.08925
3.6425 0.06275 9.09175
3.64975 0.06325 9.08725
3.641 0.05475 9.09275
3.6505 0.05825 9.097
3.64175 0.0535 9.0925
3.64425 0.059 9.0885
3.6465 0.05475 9.091
3.647 0.05775 9.0975
3.6455 0.05875 9.092
3.64625 0.0545 9.097
3.64425 0.05725 9.098
3.6505 0.05875 9.09975
3.64175 0.05725 9.0975
3.6475 0.0615 9.07975
3.64825 0.05625 9.09225
3.64725 0.058 9.08625
3.64775 0.05775 9.086
3.641 0.05825 9.091
3.648 0.059 9.0915
3.64375 0.0615 9.09725
3.6495 0.0585 9.09725
3.6435 0.05975 9.091
3.6405 0.0615 9.089
3.6495 0.05275 9.10225
3.64675 0.05975 9.09075
3.64725 0.0575 9.098
3.648 0.05825 9.10075
3.64675 0.05825 9.08925
3.64825 0.0565 9.095
3.64975 0.0555 9.0915
3.64175 0.05275 9.097
3.64875 0.0575 9.08725
3.6395 0.0575 9.09725
3.6475 0.057 9.0905
3.6485 0.06175 9.094
3.64125 0.058 9.10125
3.6455 0.06 9.086
3.65575 0.0565 9.08425
3.646 0.0605 9.08675
3.65125 0.05725 9.087
3.64325 0.05525 9.09625
3.64525 0.05725 9.08525
3.64825 0.08525 9.09425
3.65175 0.0415 9.0655
3.65175 0.07625 9.08125
3.6435 0.06 9.07925
3.6505 0.0605 9.08325
3.6515 0.05425 9.0955
3.6355 0.09175 9.1105
3.6295 0.07975 9.09975
3.667 0.0385 9.082
3.671 0.03225 9.07875
3.6395 0.05575 9.07075
3.6475 0.078 9.08975
3.649 0.03475 9.09825
3.65075 0.06675 9.07
3.6545 0.04625 9.0795
3.67525 0.06225 9.07625
3.639 0.0795 9.0945
3.6215 0.0625 9.0755
3.66675 0.0525 9.08725
3.65175 0.059 9.08225
3.65575 0.05675 9.08925
3.6405 0.0545 9.08925
3.62625 0.06225 9.11
3.677 0.012 9.06275
3.6465 0.079 9.094
3.6415 0.07625 9.0955
3.643 0.052 9.104
3.64375 0.0695 9.08625
3.64225 0.05725 9.10675
3.6625 0.0735 9.0795
3.642 0.0715 9.11225
3.65925 0.0705 9.1095
3.65075 0.05575 9.099
3.6495 0.02025 9.1085
3.627 0.06925 9.09775
3.649 0.026 9.08275
3.6525 0.05075 9.10675
3.65625 0.06125 9.086
3.69275 0.024 9.0875
3.67175 0.048 9.08175
3.62925 0.06575 9.09325
3.67375 0.07125 9.07
3.65675 0.12775 9.083
3.65075 0.0835 9.09125
3.62525 0.07525 9.08725
3.67675 0.052 9.09175
3.62325 0.03975 9.10475
3.60875 0.046 9.0955
3.65475 0.0455 9.09075
3.64525 0.11475 9.1135
3.67375 0.071 9.11525
3.6595 0.0875 9.07625
3.667 0.05725 9.10125
3.65775 0.04875 9.09
3.614 0.0745 9.07075
3.6605 0.03475 9.0875
3.6345 0.0185 9.087
3.65475 0.0675 9.09
3.62025 0.05475 9.11475
3.6435 0.07725 9.0875
3.62125 0.067 9.11125
3.68075 0.0255 9.083
3.63525 0.02475 9.097
3.6385 0.06575 9.08875
3.66625 0.0495 9.087
3.656 0.087 9.082
3.65825 0.06275 9.07375
3.65375 0.04625 9.092
3.6795 0.0085 9.077
3.6255 0.0365 9.1115
3.6605 -0.00399999999999999 9.088
3.71825 0.05175 9.05975
3.631 0.07675 9.1045
3.645 0.083 9.093
3.637 0.06225 9.09925
3.673 0.02 9.09
3.659 0.07175 9.07375
3.65025 0.06975 9.08775
3.6715 -0.05975 9.1145
3.62975 0.072 9.05025
3.60325 0.06275 9.12525
3.663 0.06825 9.11525
3.62675 0.058 9.09275
3.67125 0.07 9.06425
3.66375 0.0745 9.08675
3.647 0.06325 9.0895
3.68575 0.04 9.08875
3.62525 0.076 9.09925
3.6625 0.06125 9.0715
3.6395 0.05375 9.1125
3.66575 0.046 9.0755
3.631 0.06725 9.12375
3.576 0.073 9.114
3.656 0.10375 9.0795
3.61025 0.087 9.1255
3.637 0.06325 9.0955
3.61575 0.059 9.108
3.65475 0.07275 9.087
3.688 0.01825 9.099
3.66225 -0.00525 9.07225
3.63675 0.082 9.1045
3.62675 0.059 9.11775
3.64025 0.07075 9.09975
3.6355 0.079 9.0865
3.66375 0.05825 9.079
3.62475 0.026 9.115
3.68675 0.0205 9.10325
3.66975 0.0865 9.07975
3.697 0.035 9.065
3.638 0.03825 9.10825
3.64875 0.05075 9.07125
3.654 0.09075 9.05625
3.665 0.0575 9.0985
3.64425 0.097 9.10625
3.61175 0.05225 9.1155
3.62675 0.07 9.09825
3.66375 0.03125 9.059
3.6425 -3.46944695195361e-18 9.1075
3.69025 0.02075 9.07625
3.68175 0.06325 9.06575
3.6415 0.0985 9.069
3.65275 0.1085 9.06875
3.611 0.109 9.129
3.65525 0.05975 9.0965
3.65225 0.05225 9.108
3.641 0.04225 9.10025
3.62525 0.03575 9.099
3.654 0.0085 9.07
3.64675 0.0555 9.0915
3.5975 0.0445 9.121
3.6395 0.04 9.063
3.636 0.00775 9.108
3.60775 0.08325 9.11775
3.6775 0.0385 9.06125
3.6465 0.071 9.09875
3.64975 0.01475 9.093
3.6885 0.087 9.1135
3.63275 0.0375 9.0965
3.639 0.06975 9.097
3.68825 0.09525 9.056
3.64625 0.075 9.09125
3.62925 0.11275 9.1045
3.65975 0.08125 9.10525
3.6475 -0.0125 9.0855
3.67 0.0705 9.08075
3.647 0.153 9.083
3.64525 0.059 9.08875
3.6535 0.077 9.08675
3.64 0.06875 9.09
3.6635 0.0365 9.08175
3.63625 0.0755 9.12825
3.63875 0.053 9.097
3.6325 0.122 9.09875
3.638 0.062 9.10775
3.64875 0.0575 9.1005
3.63975 0.06675 9.116
3.7115 0.07125 9.0685
3.6555 0.052 9.092
3.61725 0.04175 9.104
3.6615 0.135 9.111
3.65125 0.04975 9.0955
3.66625 0.11275 9.1115
3.6655 0.0885 9.09675
3.6865 -0.0065 9.07525
3.67775 0.10125 9.08675
3.619 0.04975 9.1015
3.62725 0.111 9.09425
3.649 0.0285 9.09075
3.649 0.06525 9.10325
3.64525 0.061 9.0965
3.641 0.05525 9.086
3.615 -0.02525 9.085
3.64675 0.0815 9.093
3.616 0.08025 9.11325
3.71875 0.019 9.05675
3.63975 0.11775 9.09625
3.65425 0.05525 9.10025
3.70525 0.015 9.06625
3.65125 0.05325 9.09
3.6505 0.064 9.0945
3.6235 0.08025 9.0875
3.65425 0.0465 9.10925
3.68375 0.08275 9.1155
3.6335 0.06 9.10875
3.70725 0.10275 9.08525
3.605 0.095 9.11
3.606 0.0805 9.101
3.74075 0.1095 9.037
3.6775 0.044 9.05625
3.6245 0.08525 9.11525
3.68975 0.04725 9.0905
3.641 0.09025 9.12325
3.6295 0.03175 9.082
3.67425 0.106 9.0545
3.6525 0.05325 9.1025
3.6005 0.085 9.108
3.7005 0.07775 9.07075
3.62425 0.06125 9.10075
3.64025 0.08675 9.0715
3.67475 0.066 9.066
3.66375 0.0625 9.1035
3.6595 0.083 9.08375
3.62825 0.073 9.11675
3.6615 0.07425 9.07975
3.6765 -0.005 9.09975
3.6575 0.049 9.0845
3.6065 0.005 9.131
3.66475 0.04775 9.09875
3.59075 0.03425 9.11775
3.6655 -0.002 9.0815
3.6295 0.0375 9.11175
3.725 0.05275 9.0995
3.6635 0.05475 9.06925
3.63775 0.06475 9.12875
3.63525 0.026 9.095
3.644 0.0545 9.128
3.6565 0.087 9.08425
3.67575 0.05675 9.07675
3.64725 0.05225 9.1215
3.672 0.0655 9.11175
3.64875 0.065 9.0915
3.6315 0.09675 9.10975
3.65075 0.0595 9.13125
3.6605 0.061 9.0795
3.6465 0.06 9.09875
3.64925 0.0955 9.0975
3.6585 0.10275 9.085
3.68825 0.0615 9.03775
3.6425 0.0755 9.06025
3.64875 0.08825 9.06775
3.61525 0.079 9.121
3.63975 0.016 9.105
3.6505 0.1055 9.07925
3.6805 0.05325 9.05825
3.65525 0.037 9.093
3.6435 0.09225 9.10825
3.648 0.0945 9.09975
3.634 0.0095 9.092
3.62225 0.07825 9.103
3.6385 0.0605 9.092
3.6185 0.0075 9.132
3.65675 0.091 9.08125
3.65325 0.0425 9.0975
3.651 0.0635 9.09675
3.6915 0.0495 9.065
3.6305 0.06475 9.1075
3.6435 -0.0275 9.11475
3.5995 0.06525 9.107
3.67975 0.0625 9.11175
3.639 0.05725 9.1055
3.65025 0.00175 9.11675
3.65175 0.044 9.0915
3.611 -0.012 9.10575
3.66425 0.06975 9.115
3.64075 0.05375 9.11925
3.649 -0.0055 9.06825
3.655 0.05725 9.0925
3.6575 0.03975 9.0805
3.626 0.04925 9.103
3.65125 0.03175 9.06575
3.683 0.06075 9.0855
3.7365 0.0535 9.064
3.6695 0.0605 9.083
3.6505 0.0115 9.15475
3.66925 0.04025 9.08375
3.67175 0.0235 9.085
3.6595 0.08675 9.106
3.642 0.035 9.07725
3.65525 0.01025 9.09325
3.66 0.0375 9.099
3.61825 0.04875 9.118
3.63 0.08775 9.1135
3.63425 0.07 9.104
3.7005 0.04475 9.05575
3.6625 0.06075 9.09125
3.6845 0.03525 9.0465
3.67175 0.0805 9.09125
3.66075 0.06575 9.117
3.647 0.052 9.10975
3.67125 0.03 9.113
3.6435 0.10975 9.10325
3.64175 0.10425 9.0955
3.65875 0.03475 9.08325
3.66225 0.0815 9.0855
3.60625 0.035 9.10875
3.646 0.06975 9.11475
3.6455 0.066 9.10175
3.628 0.033 9.1045
3.6705 0.04 9.07125
3.6405 0.09775 9.06
3.6195 0.065 9.13125
3.68625 0.03775 9.1125
3.6485 0.0405 9.09525
3.65375 0.01525 9.1
3.655 0.0925 9.0895
3.61625 0.11275 9.101
3.69825 0.102 9.06975
3.631 0.0335 9.1115
3.67075 0.081 9.06625
3.653 0.06025 9.089
3.657 0.02125 9.117
3.67675 0.07875 9.08425
3.653 0.028 9.0915
3.655 0.07 9.09225
3.65125 0.1085 9.096
3.66875 0.1265 9.07375
3.656 0.06125 9.09425
3.64 0.1245 9.09325
3.643 0.06825 9.1095
3.69275 0.028 9.0645
3.632 0.03175 9.10275
3.73375 0.11125 9.09025
3.62925 0.04125 9.08875
3.6195 0.07175 9.1015
3.6495 0.08175 9.0995
3.60175 0.07425 9.09925
3.63125 0.05575 9.1105
3.68675 0.136 9.084
3.66075 0.0255 9.0895
3.626 0.09425 9.08225
3.6535 0.08125 9.0885
3.61625 0.16825 9.11375
3.6525 0.027 9.092
3.63075 0.05375 9.09725
3.65525 0.0555 9.0935
3.64775 0.07225 9.0895
3.632 0.1135 9.116
3.6345 0.109 9.1
3.60475 0.0675 9.115
3.654 0.07625 9.07975
3.67725 0.04875 9.0735
3.66025 0.03575 9.11525
3.69075 0.052 9.08625
3.656 0.04875 9.1035
3.63725 -0.01725 9.1155
3.6425 0.07325 9.0765
3.641 0.055 9.08875
3.661 0.06825 9.091
3.60425 0.1035 9.1185
3.67775 0.0285 9.07525
3.63975 0.04225 9.11025
3.6735 0.08775 9.0685
3.632 0.05175 9.1015
3.65825 0.07075 9.1175
3.6325 0.113 9.10475
3.64675 0.017 9.14925
3.6555 0.04975 9.0895
3.6135 0.0665 9.11425
3.6555 0.0865 9.08275
3.6355 0.0755 9.0935
3.645 0.0385 9.11025
3.72175 0.017 9.062
3.58175 0.0685 9.13825
3.68375 0.063 9.08575
3.639 0.03975 9.10825
3.66275 0.099 9.06925
3.6395 0.05875 9.07925
3.64075 0.06825 9.10325
3.642 0.08675 9.08225
3.67775 0.03725 9.12725
3.61775 0.06775 9.12975
3.65675 0.062 9.0885
3.661 0.06025 9.11625
3.65875 0.06675 9.094
3.6485 0.03825 9.10725
3.65525 0.014 9.1155
3.64925 0.0515 9.1055
3.6445 0.03025 9.09125
3.64825 0.0585 9.10175
3.71075 -0.0295 9.08625
3.668 0.01925 9.08525
3.61625 0.12175 9.07525
3.60775 0.07725 9.10675
3.6555 0.0455 9.054
3.60175 0.07275 9.1
3.62175 0.055 9.08525
3.5965 0.043 9.1145
3.66625 0.08425 9.079
3.60175 0.10425 9.118
3.6225 0.0015 9.16125
3.629 0.08375 9.09225
3.61225 0.08025 9.12975
3.6585 0.04225 9.07975
3.632 0.05525 9.10225
3.65025 0.096 9.07925
3.634 0.062 9.1125
3.6465 0.0525 9.05775
3.624 0.112 9.11325
3.636 0.0385 9.11225
3.676 0.07225 9.07925
3.69575 0.04875 9.06375
3.673 0.04425 9.08975
3.66175 0.09125 9.09075
3.64425 0.0375 9.09525
3.6545 0.018 9.10475
3.65525 0.05825 9.09325
3.66975 0.07725 9.0655
3.686 0.07925 9.08775
3.66425 0.0435 9.098
3.65675 0.04525 9.113
3.64175 0.04625 9.087
3.6625 0.0655 9.114
3.65825 0.04975 9.09075
3.63675 0.07925 9.1115
3.72225 0.123 9.06425
3.642 0.10525 9.09125
3.6455 0.0525 9.1265
3.61625 0.0755 9.11225
3.62225 0.06625 9.1195
3.6435 0.03825 9.07525
3.65775 0.02625 9.09075
3.67125 0.068 9.0995
3.65 0.0665 9.0965
3.6515 0.032 9.0895
3.65225 0.047 9.09125
3.663 0.00175 9.07875
3.65725 0.02775 9.0975
3.69975 0.136 9.0705
3.63775 0.0545 9.10075
3.6305 0.0285 9.117
3.66825 0.082 9.091
3.67 0.066 9.03925
3.63925 0.0625 9.09825
3.6255 0.09375 9.15525
3.64275 0.041 9.09425
3.669 0.0345 9.0655
3.63475 0.074 9.0905
3.6575 0.0745 9.09075
3.683 0.07825 9.06775
3.6775 0.11975 9.0915
3.66475 0.04575 9.09825
3.64625 0.033 9.072
3.62575 0.0515 9.13775
3.651 0.024 9.123
3.65925 0.0595 9.089
3.6185 0.0865 9.09
3.684 0.0345 9.10325
3.6625 0.08925 9.10275
3.6475 0.06925 9.09075
3.67225 0.1315 9.0975
3.651 0.0605 9.0985
3.6425 -0.004 9.07825
3.63675 0.07525 9.0995
3.6315 0.05775 9.101
3.65925 0.076 9.0865
3.63025 0.075 9.128
3.639 0.034 9.10725
3.5975 0.01375 9.12025
3.66625 0.06625 9.07925
3.6715 0.099 9.103
3.65275 0.029 9.09925
3.64825 0.05375 9.10425
3.65125 0.02175 9.07725
3.66925 0.08475 9.01925
3.67575 0.065 9.08275
3.68725 0.023 9.06225
3.63225 0.07425 9.11025
3.649 0.03825 9.101
3.61925 -0.0215 9.1155
3.637 0.031 9.0675
3.65725 0.04475 9.11775
3.649 0.04425 9.10675
3.65 0.09725 9.13325
3.70725 0.15675 9.07375
3.64625 0.06675 9.10175
3.67225 0.05825 9.0595
3.6665 0.05575 9.08875
3.68525 0.19325 9.05825
3.643 0.09325 9.082
3.64075 0.0615 9.094
3.6235 0.01525 9.11275
3.67525 0.048 9.0585
3.6115 0.064 9.127
3.6865 0.08075 9.063
3.65825 0.07 9.10325
3.657 0.06025 9.0885
3.59175 0.05575 9.12675
3.663 0.08225 9.06675
3.648 0.064 9.105
3.6385 0.03225 9.1255
3.63925 0.09725 9.0905
3.6445 0.028 9.09925
3.64675 0.06925 9.0925
3.6305 0.086 9.07875
3.644 0.05075 9.11075
3.65475 0.02275 9.1075
3.65975 0.031 9.08875
3.6915 0.06275 9.067
3.669 0.084 9.09875
3.6515 0.08625 9.09875
3.642 0.1 9.1
3.65375 0.0615 9.089
3.633 0.123 9.08325
3.66925 0.057 9.09925
3.664 0.07725 9.088
3.61275 0.07575 9.09525
3.664 0.0995 9.07975
3.65125 0.0455 9.104
3.68825 0.107 9.1015
3.64575 0.069 9.08425
3.64225 -2.16840434497101e-19 9.11975
3.66375 0.08975 9.084
3.60275 0.06925 9.10125
3.6475 0.067 9.09875
3.6745 0.036 9.09275
3.65025 0.06325 9.08675
3.6575 0.04675 9.10475
3.64975 0.05025 9.0985
3.65175 0.05925 9.08025
3.67025 0.102 9.11075
3.6345 0.066 9.09775
3.5725 0.03225 9.15675
3.67075 0.0885 9.07925
3.66575 0.0165 9.0905
3.65175 0.062 9.0925
3.6385 0.0285 9.12775
3.626 0.077 9.0945
3.65475 0.06 9.08725
3.6135 0.048 9.098
3.66 0.0745 9.06125
3.64575 0.1255 9.149
3.64575 0.07725 9.1005
3.59625 0.02425 9.12725
3.63325 0.057 9.1115
3.67025 0.06625 9.106
3.66525 0.05525 9.09
3.66425 0.077 9.06675
3.6405 0.06 9.1005
3.6745 0.068 9.0615
3.6395 0.08725 9.101
3.67325 0.08975 9.0785
3.647 0.08625 9.09675
3.68475 -0.01075 9.1035
3.658 0.14575 9.087
3.66575 0.11025 9.076
3.6525 0.06725 9.10275
3.63475 0.0365 9.09325
3.6715 0.07775 9.081
3.6495 0.0745 9.08875
3.59575 0.0525 9.134
3.6555 0.0305 9.088
3.6855 0.0975 9.073
3.6835 0.091 9.08075
3.65925 0.091 9.11425
3.66825 0.065 9.10575
3.62375 0.0535 9.13525
3.64625 0.07575 9.09025
3.608 0.08325 9.1175
3.6755 0.03075 9.0555
3.66775 0.06625 9.0945
3.646 0.091 9.0485
3.63825 0.00225 9.078
3.643 0.03175 9.121
3.66575 0.03225 9.105
3.69825 0.05475 9.094
3.607 0.1255 9.136
3.63425 0.0605 9.0855
3.66075 0.06925 9.087
3.6405 0.05625 9.08775
3.6225 0.0115 9.1295
3.648 0.0695 9.09425
3.7175 0.059 9.06375
3.63125 0.1295 9.11
3.68875 -0.02625 9.076
3.647 0.053 9.1365
3.65875 0.097 9.0905
3.60575 0.08175 9.115
3.65 0.123 9.01275
3.63175 0.0395 9.13075
3.67375 0.0635 9.12025
3.6285 0.135 9.0825
3.6435 0.12775 9.09975
3.65725 0.06125 9.10275
3.64175 0.1245 9.112
3.67875 0.00925 9.11675
3.6755 0.006 9.11775
3.599 0.11525 9.11625
3.6565 0.059 9.097
3.62 0.0095 9.12425
3.67775 0.0955 9.111
3.62725 0.10875 9.10725
3.667 0.1105 9.10425
3.6855 0.05825 9.05475
3.67975 0.02725 9.12
3.67125 0.0345 9.08625
3.6245 0.0515 9.09975
3.66025 0.07725 9.11125
3.6425 0.102 9.12275
3.64575 0.1145 9.09
3.64075 0.0345 9.095
3.64075 0.0185 9.1255
3.669 0.011 9.0955
3.631 0.1045 9.08625
3.64875 0.137 9.1035
3.63225 0.06475 9.10925
3.64925 0.06825 9.099
3.6495 0.06425 9.095
3.64675 0.061 9.1105
3.65175 0.062 9.093
3.65225 0.06075 9.102
3.6555 0.062 9.0965
3.649 0.06425 9.09775
3.64775 0.0635 9.10275
3.64975 0.063 9.10125
3.6505 0.06125 9.0935
3.6485 0.06225 9.0935
3.64575 0.06475 9.099
3.64875 0.0615 9.08975
3.6465 0.06075 9.09975
3.64725 0.06675 9.092
3.65225 0.05775 9.09325
3.64975 0.0665 9.1
3.64875 0.059 9.09725
3.64625 0.0625 9.0935
3.6485 0.065 9.10075
3.64775 0.059 9.094
3.649 0.058 9.09225
3.643 0.063 9.0955
3.64925 0.072 9.09525
3.6465 0.0625 9.1045
3.64325 0.066 9.095
3.6475 0.062 9.097
3.64675 0.0655 9.103
3.648 0.06375 9.09975
3.648 0.05975 9.092
3.64975 0.06525 9.11025
3.641 0.06475 9.09425
3.6475 0.06475 9.097
3.64775 0.06225 9.09725
3.644 0.06625 9.09575
3.64725 0.06825 9.102
3.64475 0.066 9.1005
3.64575 0.0625 9.09775
3.6455 0.063 9.09225
3.641 0.061 9.10025
3.64475 0.064 9.09625
3.6445 0.06275 9.0975
3.64575 0.064 9.0955
3.64375 0.0665 9.10225
3.64375 0.0615 9.09775
3.64175 0.0705 9.09975
3.64575 0.06125 9.10625
3.64325 0.06775 9.10175
3.6425 0.06475 9.1005
3.645 0.0615 9.09775
3.6435 0.065 9.0975
3.64475 0.064 9.093
3.648 0.0635 9.10875
3.6445 0.06075 9.09675
3.641 0.0645 9.1
3.64125 0.063 9.1045
3.65 0.067 9.1025
3.6415 0.06425 9.10525
3.6465 0.06425 9.08925
3.643 0.06575 9.09625
3.64375 0.0655 9.0975
3.644 0.0665 9.099
3.646 0.06125 9.09375
3.64925 0.06525 9.10125
3.642 0.0555 9.09925
3.64375 0.067 9.09775
3.64525 0.065 9.09425
3.649 0.06325 9.10475
3.6485 0.0705 9.1005
3.641 0.063 9.09
3.64625 0.06125 9.09175
3.64625 0.064 9.1035
3.646 0.062 9.09975
3.64925 0.06375 9.1025
3.64775 0.064 9.098
3.647 0.06425 9.09525
3.64475 0.06375 9.10175
3.64225 0.0655 9.09975
3.64425 0.0595 9.095
3.64325 0.06425 9.093
3.641 0.06825 9.094
3.644 0.063 9.10475
3.64825 0.0555 9.07375
3.6515 0.06375 9.0975
3.642 0.0605 9.10425
3.645 0.0715 9.08975
3.6345 0.05675 9.1125
3.644 0.06325 9.098
3.654 0.057 9.10275
3.65 0.0775 9.09575
3.655 0.0825 9.085
3.65175 0.0645 9.101
3.64875 0.0785 9.10775
3.638 0.06625 9.11875
3.6645 0.0655 9.0765
3.6545 0.06975 9.0935
3.644 0.0695 9.10275
3.646 0.05025 9.09375
3.655 0.06575 9.09575
3.6435 0.06675 9.10025
3.64125 0.0605 9.109
3.64525 0.05875 9.09525
3.64925 0.05675 9.1005
3.64875 0.065 9.10525
3.649 0.06125 9.099
3.647 0.0645 9.0895
3.63825 0.06825 9.10025
3.6525 0.05675 9.09825
3.6455 0.06475 9.10925
3.635 0.0745 9.09275
3.65925 0.06475 9.09475
3.6515 0.0645 9.1005
3.66875 0.0635 9.10275
3.63875 0.06125 9.10025
3.64425 0.0505 9.1025
3.646 0.06575 9.10425
3.64325 0.044 9.11325
3.64275 0.06175 9.1025
3.6435 0.06325 9.09875
3.65175 0.062 9.10675
3.6465 0.07025 9.0965
3.63475 0.052 9.10125
3.664 0.0915 9.0775
3.62525 0.04925 9.104
3.64475 0.0585 9.09475
3.63775 0.04525 9.0955
3.63575 0.084 9.08675
3.63975 0.0675 9.11025
3.643 0.06475 9.0935
3.63725 0.064 9.106
3.64175 0.06675 9.094
3.6295 0.05775 9.08375
3.652 0.0765 9.10475
3.65975 0.0705 9.09575
3.6285 0.06675 9.11325
3.6875 0.06225 9.0745
3.676 0.075 9.07575
3.654 0.022 9.0995
3.66075 0.08325 9.0905
3.657 0.05975 9.0955
3.6665 0.08325 9.0845
3.6365 0.02425 9.10975
3.635 0.08225 9.1015
3.646 0.05125 9.09625
3.649 0.08125 9.09575
3.647 0.05975 9.11325
3.6435 0.06525 9.09925
3.6555 0.07175 9.0915
3.65475 0.07625 9.093
3.6475 0.06525 9.0965
3.63875 0.05675 9.10175
3.6495 0.064 9.10625
3.6515 0.065 9.09925
3.62925 0.06225 9.11
3.65275 0.0705 9.1015
3.645 0.06325 9.099
3.63825 0.064 9.09125
3.652 0.0695 9.0845
3.6425 0.05175 9.1045
3.64625 0.067 9.1125
3.67625 0.0515 9.093
3.655 0.0565 9.09725
3.637 0.079 9.0795
3.65325 0.06075 9.08625
3.64275 0.065 9.10875
3.64725 0.066 9.094
3.6445 0.06325 9.096
3.653 0.07175 9.09575
3.651 0.06925 9.1015
3.649 0.06025 9.10775
3.6605 0.07675 9.102
3.65475 0.066 9.0915
3.65 0.07675 9.10675
3.64475 0.0765 9.08725
3.63275 0.059 9.105
3.6375 0.059 9.09075
3.63225 0.03725 9.11575
3.64025 0.06425 9.1025
3.63475 0.05375 9.09225
3.6665 0.0885 9.0975
3.6615 0.119 9.099
3.63725 0.06925 9.10625
3.65525 0.06075 9.10625
3.636 0.03175 9.06225
3.66325 0.05025 9.098
3.64525 0.06875 9.08875
3.626 0.03975 9.1265
3.63975 0.09275 9.1165
3.6285 0.05575 9.119
3.5855 0.19225 9.112
3.5475 0.2 9.1315
3.59875 0.06 9.0695
3.68875 0.10725 9.09575
3.80225 0.062 9.09775
3.40575 0.0295 9.2405
3.81925 0.194 8.9945
3.5115 -0.016 9.05475
3.5925 -0.041 9.172
3.5955 -0.048 9.1415
3.63175 0.0325 9.2
3.661 0.11725 9.116
3.73825 0.0415 9.0315
3.5095 0.04175 9.167
3.5255 -0.15975 9.23925
3.64575 0.08175 9.1865
3.58075 0.11125 9.0995
3.6735 0.13125 9.076
3.85875 0.426 8.877
3.588 -0.0655 9.17575
3.6195 0.02825 9.06925
3.64475 0.01375 9.0545
3.6545 0.06525 9.1655
3.678 0.0475 9.06425
3.54525 0.04 9.181
3.46575 -0.02625 9.10875
3.67925 0.00274999999999999 9.14875
3.69475 0.145 9.05125
3.7485 0.24825 9.023
3.7065 0.19225 9.1055
3.6685 0.01075 9.106
3.4385 -0.055 9.232
3.6255 0.054 9.18525
3.61575 -0.06625 9.1335
3.8355 0.28025 9.02025
3.846 0.16025 9.00875
3.70475 0.215 9.0435
3.9 0.35 8.93475
3.54825 -0.1155 9.16175
3.5455 -0.153 9.203
3.622 -0.087 9.18425
3.731 0.17575 9.0655
3.648 0.11375 9.09075
3.6375 0.0745 9.16075
3.62125 0.10425 9.12225
3.577 -0.03775 9.19375
3.68325 0.04025 9.138
3.57525 0.01225 9.14475
3.42525 -0.12525 9.25525
3.4845 -0.0935 9.23825
3.81275 0.201 8.98125
3.621 0.02025 9.05575
3.66725 -0.057 9.0095
3.66475 0.228 9.07775
3.59975 -0.08625 9.0935
3.57075 -0.07925 9.18175
3.70225 0.17625 9.12825
3.4165 -0.23725 9.1665
3.69725 0.04675 9.112
3.689 0.22725 9.1225
3.727 0.1095 9.016
3.65375 0.051 9.112
3.55275 -0.08925 9.19325
3.94275 0.18175 9.04675
3.422 -0.05775 9.20625
3.57775 0.01125 9.14975
3.591 -0.05125 9.041
3.72425 0.1 9.00825
3.46175 -0.10025 9.145
3.689 0.1215 9.11375
3.61025 -0.03925 9.24875
3.85825 0.3925 8.913
3.44425 -0.10175 9.151
3.774 0.136 9.10825
3.626 0.048 9.1555
3.468 -0.058 9.21625
3.93325 0.37775 8.87825
3.49075 -0.28975 9.23875
3.575 -0.081 9.10325
3.71325 0.39275 9.014
3.7775 0.25125 9.067
3.58175 -0.014 9.14025
3.4975 0.03275 9.2885
3.6505 0.06225 9.1795
3.6205 0.02275 9.177
3.5515 0.04025 9.1535
3.77075 0.20825 8.951
3.664 0.03425 9.15325
3.793 0.18325 9.0345
3.621 0.107 9.1555
3.59625 -0.09025 9.09725
3.70125 0.22675 9.046
3.5755 -0.09925 9.17725
3.6915 0.0495 9.0715
3.5105 -0.05525 9.17725
3.68425 0.085 9.01675
3.3655 -0.23125 9.185
3.80075 0.13375 9.13
3.634 0.10825 9.09125
3.58375 0.0375 9.21675
3.76775 0.1725 9.02425
3.67175 0.03 9.00475
3.6945 0.08575 9.13275
3.60125 -0.0415 9.1385
3.57425 -0.07925 9.034
3.6345 0.15525 9.11975
3.67625 0.01175 9.059
3.56975 -0.027 9.2075
3.74675 0.126 9.04075
3.499 0.0935 9.191
3.59675 0.02625 9.11025
3.6325 0.06675 9.126
3.79 0.1925 8.98775
3.6535 -0.00749999999999999 9.14725
3.403 -0.11925 9.29225
3.78175 0.12625 9.0155
3.76825 0.085 8.9815
3.61825 0.06775 9.128
3.52625 -0.06975 9.10575
3.546 0.065 9.07575
3.60575 -0.02525 9.11825
3.73975 0.3115 9.002
3.6455 -0.014 9.144
3.7365 0.0555 8.948
3.5195 0.0045 9.2415
3.771 0.12225 9.06775
3.60875 0.05325 9.107
3.66625 0.076 9.08325
3.5245 -0.0235 9.18975
3.7235 0.0735 9.02775
3.50175 -0.02525 9.22425
3.707 0.10225 9.19275
3.808 0.276 8.959
3.59325 -0.12225 9.2825
3.7365 0.287 9.0985
3.67175 0.11475 9.07725
3.5825 -0.063 9.19225
3.6375 0.01975 9.116
3.589 -0.1135 9.0915
3.69875 0.10725 9.151
3.592 0.04425 9.08775
3.87225 0.28975 8.8995
3.58275 -0.00874999999999999 9.08575
3.568 -0.12575 9.136
3.53875 -0.09175 9.17975
3.605 0.00425 9.0525
3.6735 0.11775 9.12275
3.6955 0.1125 9.05875
3.5165 -0.27975 9.2495
3.4275 -0.2825 9.39725
3.661 0.09725 9.021
3.85925 0.25825 8.928
3.7505 0.144 9.0945
3.70725 0.20575 8.92325
3.7485 0.03475 9.149
3.64825 0.081 9.218
3.702 0.189 9.0625
3.57575 0.0935 9.1515
3.69325 0.07725 9.0105
3.49625 -0.123 9.2385
3.66875 0.087 9.08075
3.55975 0.00425000000000003 9.26075
3.6825 0.01325 9.1625
3.6065 0.107 9.11975
3.85925 0.21075 8.9905
3.50925 0.07925 9.0595
3.482 -0.115 9.113
3.77025 0.24575 8.947
3.596 -0.15525 9.13475
3.536 -0.10025 9.244
3.666 0.187 9.125
3.537 -0.02075 9.2185
3.742 0.12825 9.00475
3.454 -0.09325 9.16
3.79475 0.383 8.9355
3.70875 0.094 9.0655
3.73225 0.09175 9.036
3.55525 -0.019 9.069
3.84275 0.2635 8.9055
3.82475 0.218 8.948
3.58175 0.14875 9.07825
3.82875 0.28025 9.002
3.58575 0.00749999999999998 9.131
3.56625 -0.10875 9.2005
3.629 0.0585 9.10025
3.7185 0.22875 9.04325
3.84325 0.37625 8.9705
3.55425 0.01775 9.10825
3.93425 0.39925 8.83925
3.7115 0.091 9.13475
3.80125 0.2195 8.88
3.73575 0.16075 8.9805
3.6155 0.00875 9.16075
3.56675 0.11175 9.1475
3.69625 0.10425 9.045
3.73625 0.11 9.1305
3.69275 0.1935 9.2
3.722 0.166 9.11725
3.66825 -0.02125 8.99
3.61325 0.06425 9.0105
3.634 0.06175 9.15575
3.52 -0.00499999999999999 9.2325
3.58975 0.03275 9.195
3.66275 0.065 8.98125
3.674 0.0385 9.03525
3.5665 0.1325 8.9945
3.67225 0.017 9.0725
3.42125 -0.1295 9.219
3.76325 0.13475 9.02075
3.4755 -0.092 9.1145
3.781 0.19525 9.07625
3.61125 0.07575 9.0155
3.74725 0.2075 9.04675
3.5045 -0.2595 9.18275
3.58475 0.07225 9.23125
3.526 -0.02075 9.177
3.70225 0.0965 9.0585
3.643 0.042 9.0875
3.53475 -0.01775 9.17275
3.782 0.20525 9.01175
3.8325 0.237 8.997
3.59975 -0.035 9.15275
3.57575 -0.15525 9.2705
3.78 0.189 9.111
3.55225 0.04025 8.9625
3.696 0.13175 9.11625
3.683 0.09625 9.03975
3.702 0.0985 9.01875
3.90325 0.39525 8.891
3.752 0.13525 8.95575
3.5235 -0.06125 9.107
3.345 -0.179 9.392
3.80625 0.19775 9.076
3.54225 -0.21125 9.16025
3.79725 0.4195 8.89625
3.708 0.00675000000000001 9.09725
3.63225 0.075 8.97675
3.54925 0.0595 9.154
3.667 0.03675 9.1415
3.38175 -0.23275 9.11625
3.54 0.041 9.16325
3.77925 0.095 9.2005
3.617 0.0185 9.10775
3.479 -0.1035 9.1775
3.61525 0.0535 9.16625
3.629 0.01125 9.1255
3.7235 0.21675 8.95325
3.59875 -0.11725 9.23925
3.735 0.19325 9.0455
3.614 0.02125 9.073
3.669 0.06425 9.06225
3.77075 0.18475 9.1565
3.58675 0.101 9.0025
3.92 0.34425 8.9455
3.43925 -0.0845 9.15025
3.60775 -0.0755 9.06975
3.56575 0.11425 9.0745
3.55425 0.05775 9.124
3.77225 0.17525 9.08975
3.5665 -0.025 9.04525
3.76925 0.21225 9.06625
3.6965 0.1775 9.11725
3.7245 0.17025 9.0605
3.53025 -0.19875 9.30425
3.66025 0.12775 9.15275
3.63225 0.03575 8.98875
3.582 0.003 9.0525
3.7415 0.1355 9.0995
3.69775 0.10625 9.04925
3.55225 -0.02275 9.20975
3.71525 0.15975 9.001
3.61175 0.0185 9.06275
3.69175 0.04225 9.19675
3.63425 0.05625 9.18725
3.72375 0.09725 9.02125
3.68225 -0.0615 9.16325
3.56125 -0.03925 9.18975
3.7255 0.054 9.051
3.6035 0.134 9.14125
3.5925 0.03225 9.161
3.6375 0.025 9.129
3.721 0.13575 9.0745
3.486 0.04025 9.15725
3.85775 0.1295 8.985
3.498 -0.05125 9.2285
3.755 0.20425 9.13625
3.70325 0.22375 9.06225
3.5955 -0.1135 9.24375
3.7515 0.22625 9.01625
3.64475 0.05425 9.14925
3.698 0.11225 8.97825
3.63975 0.13775 9.1845
3.68975 0.0695 9.09575
3.57025 0.08925 9.039
3.723 0.09225 9.11425
3.60625 0.03725 9.0795
3.69175 0.1115 9.06825
3.69175 0.1035 9.11175
3.727 0.14075 9.1255
3.5675 -0.2205 9.23775
3.61275 -0.054 9.298
3.6255 0.0945 9.0585
3.65425 0.0825 9.07725
3.68025 0.108 9.0845
3.46975 -0.253 9.269
3.734 0.18975 9.09525
3.764 0.1855 8.98825
3.75125 0.09775 8.96275
3.678 0.03075 9.0235
3.4715 0.02025 9.2155
3.703 0.069 9.12575
3.71425 0.0975 9.0365
3.832 0.10425 9.03325
3.47375 -0.0455 9.18775
3.7845 0.148 9.06675
3.58875 0.16775 9.09975
3.56925 0.13175 9.08475
3.74725 0.17825 9.0905
3.73525 0.04075 9.0605
3.60275 0.03325 9.09325
3.7215 0.08125 9.0535
3.66275 0.068 9.10575
3.69175 0.07 9.081
3.6655 0.12175 9.07475
3.65725 0.043 9.0945
3.6475 -0.033 9.11
3.64075 0.087 9.08925
3.68475 0.1245 9.08125
3.695 0.0715 9.0665
3.64375 0.09475 9.07875
3.64475 0.07275 9.0485
3.63575 0.0665 9.118
3.65 0.069 9.093
3.6465 0.03125 9.10175
3.6525 0.04125 9.093
3.64425 0.071 9.0945
3.65 0.06675 9.0905
3.64925 0.053 9.094
3.64725 0.0635 9.09125
3.64675 0.06725 9.09825
3.6475 0.06025 9.09975
3.64375 0.06025 9.097
3.63875 0.05975 9.10625
3.64325 0.04625 9.093
3.643 0.0675 9.08625
3.65125 0.05875 9.097
3.66025 0.061 9.1205
3.64525 0.061 9.09425
3.652 0.073 9.101
3.63975 0.061 9.0825
3.64475 0.07125 9.09125
3.63975 0.05525 9.09075
3.64925 0.06125 9.101
3.6435 0.063 9.094
3.6505 0.0795 9.07875
3.64125 0.04975 9.092
3.65775 0.0675 9.08525
3.65575 0.0775 9.085
3.6415 0.05625 9.093
3.65825 0.075 9.08125
3.657 0.06175 9.09625
3.644 0.05875 9.10025
3.654 0.0615 9.08075
3.6445 0.056 9.09875
3.65725 0.0695 9.1345
3.64925 0.06175 9.0845
3.64975 0.0635 9.0795
3.654 0.062 9.0845
3.65325 0.05975 9.09525
3.6465 0.06175 9.09475
3.651 0.065 9.09775
3.64575 0.058 9.095
3.64275 0.06275 9.09575
3.65075 0.06 9.09225
3.64375 0.06275 9.08725
3.64725 0.06275 9.09825
3.64625 0.0635 9.092
3.65 0.05875 9.09625
3.637 0.07275 9.0985
3.64175 0.06825 9.09725
3.651 0.055 9.09725
3.64475 0.056 9.096
3.6505 0.05925 9.0965
3.64275 0.06375 9.095
3.65075 0.06175 9.09325
3.64975 0.063 9.091
3.64675 0.06025 9.1
3.643 0.0625 9.06925
3.64925 0.06375 9.09675
3.64625 0.05975 9.089
3.64625 0.06025 9.09325
3.644 0.06075 9.09525
3.642 0.06175 9.0855
3.65375 0.057 9.082
3.64275 0.06675 9.1015
3.644 0.056 9.09975
3.64725 0.0615 9.092
3.64575 0.065 9.09575
3.6415 0.057 9.09225
3.645 0.05575 9.1045
3.64425 0.073 9.091
3.6425 0.05625 9.096
3.645 0.0585 9.0925
3.64675 0.0635 9.10125
3.65375 0.05775 9.09375
3.64475 0.06275 9.09225
3.64375 0.06375 9.09225
3.64275 0.072 9.09075
3.64575 0.0585 9.09275
3.644 0.05425 9.0945
3.65125 0.06425 9.0915
3.64425 0.0565 9.08525
3.64825 0.0615 9.09625
3.64775 0.06475 9.09
3.64975 0.0615 9.09625
3.647 0.0585 9.0785
3.643 0.067 9.1025
3.645 0.0625 9.095
3.65525 0.056 9.10125
3.65225 0.04975 9.09825
3.6605 0.05825 9.08025
3.656 0.073 9.09325
3.63875 0.04275 9.1055
3.6485 0.02825 9.0935
3.63725 0.0455 9.0885
3.64175 0.02875 9.102
3.6515 0.06 9.0995
3.64825 0.064 9.10325
3.63775 0.07725 9.095
3.65125 0.049 9.08675
3.63475 0.06325 9.0905
3.65425 0.06225 9.0935
3.64975 0.067 9.09325
3.6485 0.0685 9.105
3.655 0.05525 9.088
3.64325 0.0745 9.0875
3.64725 0.0635 9.0985
3.6415 0.058 9.09775
3.64725 0.0655 9.09425
3.6465 0.057 9.0975
3.644 0.0595 9.09275
3.64175 0.044 9.10325
3.66 0.06175 9.0925
3.64575 0.0325 9.088
3.6405 0.04 9.061
3.65225 0.043 9.08975
3.628 0.04075 9.07875
3.63725 0.0705 9.11225
3.61575 0.05275 9.10925
3.656 0.059 9.066
3.63925 0.052 9.09025
3.6205 0.083 9.08525
3.644 0.05425 9.08825
3.65325 0.05425 9.09775
3.6365 0.06375 9.0935
3.6415 0.0625 9.09825
3.652 0.0795 9.10225
3.6325 0.06525 9.09725
3.627 0.05775 9.103
3.6515 0.0795 9.088
3.6535 0.0505 9.10675
3.638 0.06075 9.07675
3.6425 0.0405 9.0955
3.657 0.028 9.09925
3.6455 0.0665 9.09125
3.646 0.0745 9.088
3.65725 0.08025 9.09175
3.65675 0.0435 9.08025
3.64525 0.024 9.08125
3.65225 0.07725 9.0825
3.63375 0.04925 9.11775
3.647 0.08775 9.1055
3.64175 0.05225 9.114
3.666 0.07975 9.057
3.63875 0.0675 9.10675
3.63975 0.08075 9.05525
3.644 0.063 9.1145
3.6825 0.07625 9.08925
3.637 0.0175 9.1275
3.63675 0.075 9.074
3.63525 0.059 9.139
3.93125 0.19025 8.9485
3.5525 0.01025 9.123
3.58625 -0.05825 9.18675
3.564 -0.14275 9.0255
3.7275 0.2245 9.104
3.77125 0.19 9.044
3.68625 0.11075 9.039
3.67825 0.09525 9.1675
3.4605 -0.0325 9.2395
3.644 -0.022 9.11125
3.489 0.00774999999999999 9.2885
3.71475 0.1715 8.9065
3.64575 0.10075 9.1485
3.51925 -0.183 9.2475
3.71475 0.13125 9.15975
3.70725 -0.01525 9.0405
3.78925 0.1045 9.10875
3.68 0.15625 9.07125
3.61125 -0.1255 9.12825
3.672 0.188 9.1015
3.61025 0.13475 9.1575
3.75175 0.0505 9.01475
3.543 0.036 9.1705
3.6845 0.09 9.12475
3.614 0.01525 9.12575
3.679 0.10025 9.09525
3.7705 0.34725 8.95575
3.525 -0.05975 9.273
3.77925 0.26325 8.86725
3.6635 0.002 9.015
3.6585 0.07325 9.0905
3.75875 0.21975 9.02175
3.483 -0.0505 9.254
3.63 0.0695 9.0075
3.59675 0.07875 9.175
3.69225 0.07625 9.075
3.58625 -0.00425 9.10175
3.679 0.01925 9.079
3.605 -0.02575 9.10775
3.60275 0.10575 9.06975
3.62 -0.04725 9.134
3.6465 0.0525 9.111
3.62575 0.11425 9.074
3.6385 0.0815 9.0725
3.645 0.11675 9.1005
3.781 0.204 9.035
3.761 0.14325 9.01225
3.55125 0.11925 9.0795
3.57725 0.16525 9.15275
3.5725 -0.049 9.15975
3.6725 0.11325 9.10075
3.532 -0.1835 9.195
3.74375 0.2395 9.0785
3.68925 0.196 9.05425
3.57675 -0.0365 9.13875
3.46875 -0.0545 9.20025
3.83975 0.322 8.9305
3.63375 0.1095 9.18975
3.63325 0.012 9.00475
3.56175 0.09 9.162
3.588 0.0105 9.13475
3.545 0.0045 9.1355
3.748 0.0965 9.0145
3.69825 0.0515 9.12825
3.70675 0.1505 9.01
3.62925 -0.1145 9.154
3.55425 -0.07025 9.1385
3.49625 -0.126 9.1985
3.80825 0.27425 9.1085
3.64475 0.06025 9.0395
3.71675 0.1495 9.179
3.73675 0.05275 8.954
3.5985 0.061 9.205
3.4205 -0.05325 9.16025
3.6825 0.022 9.05575
3.616 0.088 9.16075
3.69575 0.1965 9.09075
3.64625 0.22075 9.03775
3.68125 0.15 9.09075
3.64425 -0.05075 9.10375
3.5835 0.0075 9.14875
3.68475 0.046 9.07925
3.6625 0.0315 8.93375
3.54275 -0.18375 9.11075
3.847 0.2625 9.04975
3.67425 -0.00925000000000001 9.185
3.73225 0.16575 9.0315
3.75475 0.0955 9.01075
3.75 0.1105 9.0555
3.6525 0.14575 9.08875
3.7285 0.254 9.076
3.686 -0.16725 9.03175
3.5995 0.06 9.063
3.573 -0.12125 9.0875
3.566 0.0365 9.0875
3.67325 0.08275 9.11025
3.54425 0.088 9.3415
3.688 0.0535 9.069
3.53125 0.05475 9.01025
3.59875 -0.04425 9.1165
3.70475 0.17825 9.0435
3.712 0.0005 9.13125
3.60825 0.038 9.086
3.62175 -0.00475 9.093
3.5985 0.10525 9.087
3.64225 -0.0565 9.0315
3.5945 -0.07275 9.10425
3.72275 0.16025 9.07975
3.63675 0.109 9.0645
3.67125 0.1495 9.0455
3.66925 0.0875 9.1315
3.67525 0.0615 9.091
3.65975 0.1485 9.16225
3.72325 0.03375 9.06775
3.66275 0.07775 8.944
3.51 -0.0155 9.109
3.63875 0.01525 9.2075
3.4875 -0.0785 9.14975
3.73025 0.1425 9.0045
3.6695 0.2095 9.10825
3.56725 -0.21025 9.20325
3.638 0.13 9.09425
3.72725 0.07575 9.0345
3.6415 -0.00374999999999999 9.13075
3.537 0.00575 9.1385
3.65625 0.087 9.10275
3.64075 0.1125 9.11875
3.64 0.11625 9.0875
3.74 0.04275 8.9895
3.6185 -0.00025 9.1725
3.60175 0.11625 9.0775
3.7285 0.12225 9.01275
3.59 0.02 9.17025
3.746 0.192 9.03975
3.59375 -0.05275 9.17975
3.6475 -0.03725 8.996
3.723 0.11875 9.04375
3.64425 0.118 9.075
3.64675 0.04925 9.10725
3.65425 0.142 9.13925
3.43175 -0.0945 9.151
3.84375 0.26175 9.0265
3.54875 -0.04475 9.19075
3.77725 0.16225 9.01125
3.5815 0.029 9.18125
3.68075 0.112 9.03275
3.64725 0.21175 9.03575
3.647 -0.0135 9.072
3.55475 0.02275 9.1955
3.777 0.2475 8.92075
3.60325 0.05075 9.1595
3.6055 0.084 9.06625
3.641 0.03775 9.0235
3.6375 0.04775 9.09825
3.56225 -0.0255 9.14825
3.62375 0.0645 9.1475
3.5675 0.00025 9.1735
3.7285 0.155 9.1025
3.7185 0.11175 9.0315
3.778 0.253 8.988
3.62525 0.18275 9.02025
3.59775 0.09275 9.2345
3.65775 0.13125 9.07825
3.65875 0.03625 8.97525
3.5145 -0.1605 9.148
3.642 0.06025 9.06725
3.5955 -0.031 9.1815
3.7155 0.03175 8.99125
3.62725 0.10175 9.20875
3.5175 -0.07175 9.151
3.55825 0.0255 9.217
3.7045 0.16675 9.0475
3.45175 -0.089 9.213
3.80375 0.2335 8.96925
3.57275 -0.16525 9.12425
3.61925 0.03575 9.166
3.59625 -0.00800000000000002 9.1325
3.672 0.12475 9.1285
3.6505 -0.00949999999999999 9.04025
3.8425 0.2385 8.9805
3.71725 -0.00375 9.143
3.6475 0.017 9.07925
3.6135 0.12575 9.1855
3.6445 0.0515 9.122
3.7075 0.2425 9.0075
3.70275 0.11375 9.12675
3.68875 0.036 8.96725
3.68075 0.016 9.0395
3.7955 0.048 9.06825
3.588 0.0385 9.103
3.367 -0.17475 9.2605
3.54225 0.034 9.13225
3.5345 0.021 9.1055
3.89425 0.339 8.97975
3.61375 0.1005 9.00375
3.67075 0.1985 9.028
3.5395 -0.069 9.144
3.63825 0.05475 9.1895
3.62775 0.037 9.13625
3.90675 0.27375 9.027
3.5955 0.07825 9.1235
3.59225 -0.031 9.1365
3.783 0.16825 8.98
3.58725 0.0255 9.12575
3.63325 0.00474999999999999 9.04825
3.77575 0.31625 8.99375
3.55425 -0.05125 9.11825
3.6135 -0.082 9.222
3.66025 0.00674999999999999 9.135
3.63475 0.1115 9.0915
3.62175 -0.01325 9.16
3.69425 0.00650000000000001 9.073
3.46075 0.00125 9.20925
3.763 0.1255 9.05675
3.71925 0.04375 8.99475
3.35125 -0.08775 9.2085
3.849 0.23475 9.0
3.3575 -0.15975 9.29025
3.80825 0.2205 9.0605
3.547 -0.0295 9.14825
3.57725 -0.05075 9.116
3.699 0.2895 9.011
3.77475 0.1825 9.05125
3.53425 -0.18025 9.1095
3.66775 0.03375 9.0675
3.58325 -0.1135 9.1625
3.8955 0.20925 8.9895
3.62675 0.04775 9.01725
3.61275 0.055 9.1315
3.69675 0.1525 9.05775
3.61675 0.047 9.09675
3.65475 0.049 9.218
3.71875 0.241 9.041
3.57725 -0.08675 9.21525
3.74225 0.16125 9.052
3.55125 -0.15425 9.16375
3.65175 0.08025 9.04225
3.4855 -0.291 9.18675
3.6015 -0.081 9.148
3.58275 -0.02925 9.111
3.54725 -0.02025 9.15475
3.5835 0.00225 9.0965
3.599 0.041 9.18025
3.746 0.04425 9.0265
3.56125 -0.01825 9.2675
3.6565 -0.047 9.0915
3.624 0.07725 9.08225
3.68175 0.07375 9.03975
3.76675 0.3005 9.04975
3.69425 0.0525 9.0
3.65875 0.053 9.16825
3.6805 0.043 9.0875
3.52325 -0.1115 9.121
3.6385 0.1225 9.01725
3.46525 -0.08175 9.2665
3.65925 0.0255 9.087
3.78125 0.11375 9.05975
3.72925 0.172 9.00525
3.72775 0.25725 9.076
3.54625 -0.051 9.1
3.59175 -0.112 9.15875
3.6365 0.07275 9.11125
3.65175 -0.02 9.0635
3.59 -0.12975 9.1185
3.7835 0.16325 8.84875
3.67475 0.0955 9.16275
3.45925 -0.08775 9.208
3.85275 0.24125 8.976
3.80025 0.12725 9.0555
3.513 -0.1275 9.12525
3.67325 0.23725 9.08525
3.7135 0.0655 9.08575
3.6705 0.185 9.144
3.482 -0.168 9.15625
3.68525 0.04025 9.00325
3.64775 0.0135 8.98725
3.72325 0.0135 9.022
3.684 0.0805 9.087
3.69075 0.048 9.10925
3.77725 0.05275 9.018
3.5165 0.01825 9.11425
3.8605 0.2285 8.90425
3.7265 0.19925 9.135
3.80375 0.05375 9.01425
3.71475 0.24425 9.0015
3.75225 0.17775 9.10775
3.637 0.01775 9.0665
3.619 0.06025 9.17075
3.51975 -0.014 9.159
3.6995 0.16 9.04
3.6435 0.02125 9.114
3.72075 0.0585 8.97975
3.6425 0.1235 9.06425
3.752 0.0345 8.9585
3.5845 0.05125 9.09625
3.6365 0.10175 9.103
3.62775 0.0505 9.05825
3.6815 0.014 9.07
3.63625 0.15425 9.115
3.587 0.132 9.12575
3.647 0.1435 9.13175
3.71675 0.11325 9.0425
3.6935 0.0115 9.10125
3.59175 0.05375 9.128
3.64 0.07125 9.07075
3.68725 0.053 9.04375
3.627 0.09275 9.1195
3.657 0.1425 9.0615
3.6 0.0675 9.049
3.667 0.01725 9.07325
3.6395 0.03375 9.0795
3.64025 0.13 9.094
3.65325 0.11975 9.1145
3.66175 0.09475 9.07475
3.6185 0.01725 9.0915
3.636 0.0715 9.09675
3.66125 0.08525 9.048
3.65675 0.07725 9.0775
3.65275 0.041 9.06425
3.646 0.057 9.09
3.6515 0.06175 9.08325
3.64375 0.07175 9.09625
3.6455 0.0645 9.09325
3.64375 0.062 9.0855
3.648 0.05975 9.0845
3.6475 0.0615 9.092
3.6425 0.0625 9.088
3.6425 0.0605 9.0865
3.6445 0.05925 9.09325
3.64125 0.061 9.08475
3.64525 0.06425 9.0895
3.64775 0.05825 9.09375
3.646 0.06375 9.09325
3.6435 0.06325 9.0915
3.6475 0.05625 9.082
3.6445 0.063 9.09125
3.645 0.06175 9.09375
3.6435 0.05475 9.09325
3.64125 0.063 9.08825
3.649 0.0585 9.08975
3.64725 0.053 9.088
3.64875 0.05825 9.0895
3.641 0.06225 9.08575
3.6465 0.058 9.09175
3.6515 0.05825 9.089
3.6405 0.06125 9.08625
3.645 0.06075 9.087
3.6485 0.05325 9.082
3.6445 0.0605 9.0865
3.64625 0.057 9.083
3.647 0.061 9.09625
3.651 0.05875 9.091
3.63975 0.05675 9.091
3.6485 0.0585 9.08475
3.63825 0.0625 9.092
3.645 0.0595 9.09025
3.64925 0.0605 9.09025
3.64575 0.0565 9.08225
3.643 0.06025 9.08875
3.645 0.059 9.0775
3.6395 0.0565 9.0865
3.63625 0.06225 9.08525
3.64275 0.05775 9.0825
3.6505 0.06075 9.08925
3.64 0.06025 9.089
3.651 0.05225 9.092
3.64225 0.06175 9.0895
3.6435 0.06425 9.09025
3.64425 0.061 9.092
3.64325 0.06275 9.08825
3.641 0.06175 9.089
3.64725 0.06225 9.08275
3.63975 0.05325 9.091
3.64925 0.059 9.09275
3.6495 0.056 9.09325
3.643 0.0555 9.09125
3.643 0.05975 9.086
3.6415 0.062 9.08625
3.645 0.06325 9.085
3.648 0.06525 9.0905
3.65175 0.059 9.08325
3.6455 0.05525 9.08725
3.64375 0.05775 9.0895
3.647 0.05975 9.0855
3.64625 0.0585 9.08625
3.64525 0.057 9.084
3.6525 0.064 9.09425
3.63975 0.063 9.09025
3.6515 0.05575 9.08525
3.64525 0.062 9.0905
3.64825 0.05775 9.08875
3.6385 0.062 9.077
3.643 0.05675 9.08725
3.644 0.061 9.0855
3.64725 0.05425 9.08925
3.65025 0.056 9.094
3.6495 0.06625 9.0925
3.65225 0.0575 9.08825
3.65125 0.0575 9.088
3.648 0.05675 9.08875
3.644 0.0515 9.0855
3.64625 0.05775 9.082
3.6495 0.0605 9.0925
3.648 0.0585 9.0835
3.643 0.06325 9.092
3.64475 0.06475 9.081
3.64625 0.05525 9.08675
3.6485 0.05275 9.08675
3.6515 0.05975 9.08375
3.64225 0.061 9.09125
3.65175 0.05875 9.0865
3.65225 0.0595 9.087
3.64325 0.053 9.08425
3.64625 0.0615 9.08675
3.6525 0.058 9.09025
3.64575 0.05325 9.08475
3.651 0.06025 9.08425
3.648 0.05775 9.09325
3.6475 0.06125 9.09025
3.64875 0.0605 9.09775
3.64675 0.06275 9.08625
3.64425 0.06325 9.0935
3.65025 0.05825 9.093
3.64875 0.05875 9.0875
3.64725 0.065 9.08825
3.64675 0.06175 9.08525
3.651 0.062 9.0965
3.647 0.05775 9.08875
3.64775 0.058 9.089
3.6495 0.057 9.09075
3.645 0.06275 9.098
3.6505 0.05775 9.09425
3.647 0.05475 9.08575
3.64675 0.064 9.089
3.6485 0.05725 9.091
3.6475 0.066 9.087
3.6495 0.05575 9.0865
3.64625 0.058 9.0845
3.65325 0.05625 9.0875
3.6515 0.05775 9.08775
3.6545 0.05975 9.09275
3.647 0.05675 9.0855
3.646 0.0585 9.088
3.65125 0.05525 9.0905
3.64675 0.05325 9.094
3.64575 0.05925 9.086
3.6465 0.0545 9.0905
3.65225 0.059 9.08875
3.65025 0.0585 9.0855
3.64975 0.0585 9.088
3.652 0.06 9.08775
3.64575 0.064 9.0825
3.6485 0.0605 9.0855
3.647 0.06175 9.08425
3.65125 0.06575 9.08675
3.664 0.046 9.1595
3.6575 0.05625 9.062
3.62225 0.075 9.1015
3.67125 0.08525 9.085
3.68525 0.08025 9.07975
3.65575 0.0245 9.09075
3.66875 0.0575 9.0745
3.614 0.0275 9.1045
3.67675 0.04875 9.08175
3.60175 0.09625 9.1045
3.5835 0.13325 9.1095
3.67125 0.083 9.06475
3.63125 0.1 9.0925
3.6285 0.08 9.07125
3.656 0.01525 9.1215
3.64375 0.0685 9.03825
3.62725 0.1035 9.13325
3.64825 0.0295 9.085
3.65625 0.08675 9.083
3.6825 0.03175 9.10325
3.68775 0.0375 9.06825
3.66175 0.0795 9.055
3.6285 0.066 9.11225
3.68475 0.091 9.06125
3.58625 0.0685 9.08875
3.65575 0.03825 9.103
3.69125 0.041 9.095
3.64675 0.06475 9.10325
3.6545 0.07525 9.0775
3.677 0.06425 9.09375
3.68775 0.05925 9.0655
3.666 0.084 9.06775
3.62325 0.02975 9.0985
3.64275 0.02175 9.08425
3.6525 0.10125 9.08325
3.65325 0.091 9.09625
3.632 0.073 9.07825
3.629 0.047 9.1115
3.69 0.07275 9.077
3.76825 -0.007 9.0035
3.68 0.02225 9.04375
3.71125 0.09125 9.03125
3.6875 0.01925 9.062
3.63575 0.029 9.105
3.618 0.05225 9.07225
3.76 0.2615 9.01125
3.649 0.08025 9.0895
3.5295 -0.10875 9.1185
3.64825 0.04175 9.086
3.70325 0.10875 9.05275
3.679 0.14825 9.075
3.6965 0.10225 9.069
3.622 0.08525 9.09675
3.7495 0.09075 9.07025
3.593 0.0485 9.1245
3.598 0.14575 9.124
3.709 0.039 9.079
3.65125 0.0475 9.0875
3.6355 0.1465 9.11175
3.64475 0.06 9.0875
3.6545 0.07125 9.09575
3.62375 0.06475 9.10525
3.65375 0.0195 9.0895
3.64225 0.0375 9.091
3.65775 0.105 9.1025
3.6655 0.05325 9.0725
3.63875 0.22225 9.05175
3.645 0.12075 9.088
3.7305 -0.01475 9.0685
3.72575 0.05975 9.0725
3.6145 0.0985 9.09925
3.64175 0.08525 9.09275
3.65275 0.012 9.065
3.583 0.123 9.11725
3.67575 0.079 9.06125
3.58275 0.2125 9.11875
3.628 0.08825 9.11975
3.5615 0.0355 9.1325
3.659 0.0685 9.0975
3.61775 0.1715 9.09025
3.63925 0.0865 9.078
3.66825 0.06875 9.07
3.6525 0.01925 9.083
3.702 0.0955 9.0455
3.649 0.06475 9.08525
3.68725 -0.15375 9.1085
3.624 -0.014 9.07725
3.5565 0.1555 9.11875
3.68225 0.07075 9.06625
3.6165 0.00775 9.12075
3.6755 0.07175 9.088
3.62575 0.163 9.1065
3.66375 0.08325 9.10975
3.64125 0.0465 9.07275
3.677 -0.007 9.11075
3.672 0.0675 9.0595
3.61725 0.16375 9.0565
3.60975 0.14925 9.08975
3.7055 0.0525 9.0605
3.70725 -0.025 9.06925
3.60725 0.01225 9.11725
3.57025 0.0845 9.1225
3.6525 0.02275 9.094
3.6435 0.0615 9.09075
3.69575 0.12825 9.02975
3.649 0.05525 9.0845
3.62725 0.0965 9.12025
3.64825 0.0595 9.08075
3.71125 0.1205 9.022
3.6485 0.05925 9.0825
3.684 0.127 9.0985
3.62375 0.03475 9.1255
3.6225 0.0555 9.09425
3.6205 -0.0105 9.115
3.61975 0.0505 9.1025
3.6465 0.01875 9.023
3.6285 0.08625 9.09175
3.58725 0.09575 9.14275
3.63775 0.061 9.09725
3.638 0.0645 9.07525
3.66925 0.0565 9.102
3.623 0.087 9.09075
3.623 0.07875 9.08325
3.69325 0.11075 9.069
3.63975 0.055 9.087
3.63625 0.0355 9.05975
3.647 0.0575 9.08325
3.6975 0.236 9.057
3.64475 0.06775 9.09025
3.6495 0.05575 9.08925
3.606 -0.00525 9.13425
3.64375 -0.00025 9.12175
3.6205 0.078 9.11725
3.6865 0.00475 9.0975
3.621 0.02825 9.12025
3.61725 0.056 9.11375
3.668 0.04575 9.07025
3.67725 0.024 9.08
3.6775 0.091 9.0695
3.60925 0.095 9.09325
3.631 0.07425 9.111
3.66975 0.0455 9.05475
3.62875 0.0115 9.106
3.6425 0.04425 9.07675
3.65425 0.028 9.09875
3.661 0.0815 9.06525
3.67475 0.045 9.10475
3.67525 0.073 9.09325
3.613 0.026 9.12225
3.62075 0.10725 9.13575
3.6985 0.09425 9.04525
3.6705 -0.0215 9.089
3.6255 0.0905 9.09475
3.62775 0.04175 9.09525
3.66475 0.0565 9.078
3.653 0.1065 9.03575
3.64125 0.1035 9.0375
3.62025 0.06275 9.1335
3.596 0.032 9.09775
3.668 0.01875 9.082
3.64725 0.0575 9.09125
3.65325 0.057 9.08975
3.6495 0.05725 9.08675
3.65175 0.06 9.09125
3.6475 0.05425 9.08675
3.64575 0.0555 9.086
3.65125 0.0615 9.085
3.6525 0.05925 9.0875
3.64875 0.05725 9.0845
3.649 0.0615 9.0865
3.6425 0.05625 9.084
3.64875 0.06025 9.09525
3.65275 0.0595 9.08875
3.6505 0.05725 9.08825
3.645 0.0575 9.08525
3.64975 0.057 9.09275
3.64775 0.05875 9.09125
3.642 0.0575 9.1005
3.64925 0.0595 9.0885
3.646 0.06 9.085
3.64475 0.058 9.09525
3.6425 0.06025 9.096
3.6465 0.0575 9.08625
3.647 0.057 9.087
3.64425 0.057 9.0865
3.6455 0.0605 9.092
3.6485 0.059 9.09175
3.6435 0.05925 9.089
3.64225 0.0595 9.09125
3.6425 0.0595 9.086
3.647 0.0585 9.095
3.64475 0.0585 9.09125
3.64625 0.05575 9.09275
3.6395 0.06125 9.0855
3.64525 0.0595 9.09025
3.6445 0.0625 9.09375
3.65075 0.06525 9.08825
3.647 0.058 9.08775
3.64575 0.0605 9.091
3.6455 0.058 9.09625
3.647 0.05725 9.0925
3.64675 0.0555 9.0945
3.6415 0.06 9.0865
3.647 0.0565 9.09625
3.6465 0.058 9.086
3.64175 0.05925 9.09275
3.645 0.05975 9.09225
3.644 0.0625 9.10025
3.64075 0.0555 9.08625
3.64325 0.05875 9.0885
3.64325 0.05825 9.0905
3.64125 0.05475 9.0895
3.64575 0.05725 9.0925
3.646 0.055 9.09125
3.64375 0.05775 9.088
3.64825 0.062 9.0905
3.64525 0.06 9.08825
3.6445 0.05775 9.09025
3.644 0.06125 9.08925
3.64425 0.058 9.0905
3.644 0.0575 9.096
3.648 0.05675 9.08925
3.6425 0.0625 9.086
3.64175 0.059 9.0865
3.64425 0.057 9.0975
3.6415 0.06 9.096
3.63875 0.05925 9.0985
3.6445 0.05875 9.087
3.64225 0.0585 9.084
3.64175 0.05475 9.08575
3.64725 0.0595 9.0955
3.642 0.05675 9.09675
3.6395 0.0565 9.0905
3.64425 0.06075 9.0895
3.644 0.06025 9.0835
3.6435 0.06025 9.0925
3.64625 0.05575 9.08525
3.638 0.0585 9.0965
3.64425 0.05325 9.10475
3.6475 0.0465 9.09625
3.63875 0.057 9.09425
3.648 0.06575 9.089
3.6435 0.06275 9.08975
3.63925 0.0585 9.0855
3.65075 0.05225 9.081
3.623 0.089 9.1125
3.6475 0.08775 9.097
3.62925 0.05875 9.09775
3.655 0.0365 9.10175
3.62325 0.04875 9.091
3.641 0.0805 9.0905
3.652 0.07 9.0935
3.6445 0.05075 9.09075
3.651 0.073 9.09725
3.63425 0.06125 9.086
3.65025 0.0615 9.08675
3.638 0.0565 9.09
3.64425 0.05625 9.09975
3.64525 0.05875 9.08425
3.6455 0.058 9.0885
3.64575 0.062 9.091
3.64475 0.05025 9.09675
3.64975 0.057 9.0945
3.645 0.06 9.09275
3.6375 0.055 9.11375
3.6495 0.053 9.0885
3.64825 0.0645 9.0845
3.6365 0.0625 9.0855
3.6475 0.0705 9.08425
3.61775 0.054 9.0955
3.6425 0.04675 9.10075
3.65125 0.0645 9.07425
3.64 0.06525 9.08225
3.6365 0.05525 9.11025
3.6425 0.06925 9.085
3.646 0.06925 9.08125
3.647 0.06425 9.092
3.64075 0.06725 9.08475
3.651 0.06 9.0845
3.64075 0.06675 9.0945
3.6495 0.0615 9.0875
3.6445 0.06575 9.09125
3.6365 0.0675 9.0925
3.65125 0.0525 9.0835
3.65875 0.04925 9.08675
3.64875 0.06425 9.08675
3.64725 0.06275 9.09075
3.64875 0.058 9.0855
3.632 0.0615 9.09875
3.631 0.09175 9.08525
3.632 0.0785 9.097
3.64925 0.06725 9.09425
3.63725 0.064 9.0945
3.64725 0.05475 9.089
3.643 0.0515 9.092
3.64 0.061 9.09825
3.636 0.0675 9.089
3.64525 0.07025 9.11325
3.63275 0.05325 9.10225
3.60875 0.0645 9.08875
3.59525 0.043 9.09925
3.66675 0.06 9.098
3.688 0.0865 9.02325
3.55625 0.01 9.11625
3.5885 0.04875 9.24925
3.61225 0.0275 9.05525
3.57675 -0.00375 9.125
3.75475 0.1215 9.03375
3.5585 -0.0755 9.2355
3.5565 -0.0265 9.11375
3.784 0.2245 8.99675
3.86525 0.2315 9.012
3.9245 0.04325 8.89575
3.68 0.1535 9.06225
3.6935 0.0565 8.9925
3.657 0.05725 9.1425
3.4755 -0.033 9.21525
3.6225 -0.02675 9.1525
3.7715 0.27325 9.056
3.59275 -0.00874999999999999 9.06325
3.64675 0.1475 9.0535
3.6785 -0.038 9.1045
3.656 0.08775 9.10675
3.19675 -0.37225 9.21675
3.82475 0.19075 9.04175
3.6055 -0.046 9.125
3.77 0.1685 8.9415
3.54525 -0.02825 9.1505
3.95 0.1955 8.97925
3.566 0.01 9.1055
3.60925 0.04775 9.1205
3.7445 0.2035 9.0865
3.6795 0.04175 9.058
3.63675 0.1035 9.018
3.67675 0.0235 9.06875
3.63575 -0.08025 9.05775
3.696 0.04 9.02775
3.6185 0.06225 9.12575
3.5595 -0.037 9.129
3.7765 0.07925 9.05725
3.76425 0.089 9.01975
3.73175 0.013 8.982
3.608 0.09475 9.045
3.59025 -0.27225 9.23625
3.62525 -0.0335 9.084
3.72225 0.13525 9.0905
3.724 0.16375 9.0885
3.65625 0.02675 9.1345
3.61375 0.0745 9.11575
3.801 0.2205 9.05975
3.63375 -0.06275 9.12075
3.63275 0.16075 9.09075
3.74875 0.05825 9.03625
3.716 0.0715 8.98525
3.348 -0.0185 9.1945
3.705 0.0655 9.10375
3.56325 -0.02875 9.0935
3.74025 0.1405 9.08925
3.628 -0.08725 9.19275
3.653 0.1005 9.0435
3.5965 -0.0215 9.15275
3.6485 0.0315 9.12725
3.6485 0.0595 9.15375
3.63475 0.00574999999999999 9.09275
3.66675 0.15675 9.0765
3.893 0.232 8.94325
3.72125 0.15825 9.0025
3.514 -0.0775 9.1685
3.64975 0.07075 9.091
3.7055 0.24375 9.00725
3.59375 -0.00374999999999998 9.1365
3.58625 -0.0975 9.14525
3.52875 -0.14575 9.12125
3.636 0.06225 9.12625
3.6495 0.018 9.0815
3.67075 0.0525 9.09675
3.595 -0.047 9.10125
3.412 -0.0515 9.20825
3.491 -0.1075 9.17625
3.38475 -0.277 9.2695
3.6 -0.125 9.12975
3.57675 -0.06675 9.1765
3.568 -0.0495 9.10375
3.32575 -0.1255 9.3
3.735 -0.019 9.038
3.67025 0.194 9.08925
3.714 0.0605 9.06175
3.74575 0.133 9.03625
3.432 -0.218 9.26675
3.5595 -0.0245 9.153
3.41725 -0.07125 9.25125
3.926 0.19325 9.04125
3.7045 0.04 9.00225
3.80025 0.0495 9.06125
3.7195 0.088 9.02725
3.56975 0.00699999999999999 9.0575
3.60175 -0.03375 9.15325
3.65475 0.01675 9.1735
3.742 0.0925 9.09025
3.689 0.14 9.015
3.62825 0.00100000000000001 9.14375
3.62925 0.055 9.142
3.8375 0.12725 9.0675
3.59625 -0.0445 9.08125
3.6045 0.013 9.13075
3.5795 0.02325 9.107
3.592 0.02725 9.1165
3.76225 0.107 9.02375
3.66675 0.08275 9.08275
3.642 0.1165 9.10025
3.712 0.12025 9.0775
3.5465 -0.04475 9.128
3.67775 0.11225 9.11475
3.583 0.04875 9.12125
3.48625 0.038 9.1455
3.80225 0.05625 9.0815
3.5875 -0.03425 9.11
3.47425 -0.00975 9.1715
3.8285 0.1995 8.97475
3.75225 0.05125 9.052
3.525 -0.17125 9.17675
3.73925 0.065 9.034
3.59925 0.08925 9.03025
3.64725 0.20475 9.11825
3.68625 0.11325 9.007
3.66425 0.06025 9.01575
3.632 0.131 9.106
3.64225 0.11775 9.121
3.48625 -0.11025 9.18725
3.4805 -0.0115 9.11425
3.466 0.07275 9.2225
3.521 -0.01325 9.1485
3.784 0.0705 9.0425
3.627 0.101 9.122
3.5775 0.02725 9.03
3.49725 -0.0475 9.10875
3.489 -0.29675 9.22675
3.796 0.13 9.0265
3.63475 0.0505 9.0785
3.623 -0.018 9.067
3.63825 -0.016 9.064
3.68425 0.01725 9.00775
3.4345 -0.031 9.2565
3.60275 -0.10375 9.119
3.80875 0.1205 9.0165
3.6555 0.15525 9.08675
3.723 0.13125 9.06075
3.6915 0.216 9.091
3.597 -0.02525 9.08825
3.7055 0.361 8.989
3.61425 -0.02 9.1195
3.789 0.2055 9.0375
3.45675 -0.153 9.21925
3.654 0.1515 9.11025
3.58075 -0.0845 9.10775
3.64325 0.20125 9.08025
3.76825 0.045 9.02375
3.5925 -0.00800000000000001 9.07425
3.5355 -0.0065 9.1605
3.7445 0.12875 9.091
3.629 0.14075 9.1175
3.61475 -0.1525 9.20675
3.591 -0.0655 9.16225
3.59375 -0.14175 9.17525
3.645 0.14325 9.03675
3.69675 0.186 9.02175
3.61675 0.00025 9.118
3.60925 -0.03475 9.0945
3.64925 0.00374999999999999 9.069
3.7705 0.26875 9.024
3.55475 0.08275 9.0955
3.74025 -0.07875 9.0565
3.842 0.30575 8.97575
3.5835 0.00299999999999999 9.11875
3.70125 0.09025 9.19075
3.69475 0.07275 8.97475
3.60125 -0.05475 9.205
3.70275 0.172 9.0865
3.513 -0.17075 9.16275
3.6735 0.07275 9.137
3.63375 0.089 9.15475
3.41 -0.08325 9.246
3.65175 0.14375 9.1435
3.63175 0.01 9.10725
3.568 -0.0355 9.1115
3.5845 0.0915 9.101
3.69425 0.16 9.04775
3.74925 0.165 9.00425
3.64625 0.0475 9.0
3.6895 0.1785 8.997
3.64375 0.17475 9.0725
3.55175 -0.11275 9.15525
3.68225 0.16125 9.04425
3.98275 0.474 8.8925
3.611 -0.16075 9.07925
3.6535 0.11575 9.0875
3.514 -0.16975 9.1705
3.6555 0.16625 9.08825
3.73175 0.045 9.0275
3.68625 0.192 9.05925
3.7065 0.01175 9.092
3.65 0.0485 9.11375
3.5595 -0.01125 9.08675
3.7585 0.2175 9.112
3.6085 0.01375 9.08225
3.51425 -0.025 9.0885
3.5865 0.1275 9.13525
3.8495 0.323 8.88625
3.66125 0.04 9.04
3.6705 0.08725 9.06175
3.3565 -0.1185 9.24275
3.44075 -0.06825 9.162
3.70925 0.066 9.0775
3.55325 0.0245 9.0935
3.6785 0.032 9.04725
3.58625 -0.05875 9.131
3.61775 0.17925 9.01875
3.71625 0.09075 9.0255
3.74625 0.2095 8.994
3.70975 0.017 9.10125
3.5315 -0.13125 9.16425
3.66525 0.0355 9.0295
3.63675 0.09625 9.083
3.6635 0.174 9.11125
3.527 -0.058 9.12475
3.753 0.07125 9.01575
3.7665 0.12625 9.0065
3.7945 0.13475 9.049
3.616 0.0995 9.09275
3.70025 0.228 9.07725
3.68225 0.0675 8.91925
3.6215 0.1495 9.081
3.53775 0.01675 9.1595
3.81425 0.2035 8.9915
3.86575 0.3385 8.96125
3.45075 -0.12725 9.2465
3.89775 0.34825 8.9685
3.6715 0.107 9.1095
3.51125 -0.12975 9.16075
3.52925 -0.092 9.16125
3.783 0.08625 9.03975
3.70575 0.20875 9.06125
3.4395 -0.0915 9.243
3.75375 0.1615 9.015
3.64425 0.199 9.0855
3.67875 0.254 9.061
3.44825 -0.039 9.17775
3.6325 0.07625 9.12525
3.58175 -0.00625 9.11025
3.603 0.061 9.07425
3.656 -0.023 9.119
3.71825 0.0875 9.001
3.388 -0.0475 9.1705
3.73825 0.032 9.05875
3.68025 0.05625 9.0905
3.65 0.123 8.84775
3.7055 0.164 9.08725
3.66875 0.097 9.0805
3.644 -0.0175 9.14475
3.64775 0.1665 9.004
3.6225 0.05725 9.144
3.63625 0.084 9.14925
3.59825 0.0105 9.1205
3.44175 -0.188 9.19575
3.92475 0.33025 8.94325
3.6175 -0.1795 9.08625
3.71225 0.16925 9.10075
3.57125 -0.14225 9.165
3.7405 0.2595 9.11275
3.722 0.1255 9.0455
3.545 0.08625 9.1085
3.58125 -0.0585 9.1675
3.837 0.347 8.844
3.37675 -0.1165 9.29625
3.66325 0.04425 9.10175
3.75575 0.07625 9.05025
3.8325 0.2255 9.0015
3.62175 0.073 9.1035
3.42525 -0.2955 9.27625
3.6015 0.132 9.12825
3.621 -0.319 9.15825
3.637 0.03375 9.1205
3.60475 -0.03075 9.1125
3.6515 0.00624999999999999 9.06325
3.7105 0.0985 9.047
3.51725 0.06725 9.17325
3.71225 0.0835 9.0765
3.7905 0.0465 9.0495
3.5975 -0.08925 9.1
3.551 -0.075 9.06375
3.79575 0.33725 9.07525
3.69375 0.09875 9.0445
3.50975 -0.1125 9.217
3.5155 -0.11275 9.14125
3.65925 0.0325 9.079
3.63875 0.003 9.07875
3.691 0.014 9.01125
3.645 0.102 9.03525
3.70725 0.128 9.05
3.603 0.1085 9.09425
3.6715 0.12825 9.08025
3.5215 -0.033 9.16125
3.65875 0.07575 9.06975
3.67425 0.018 9.0875
3.7175 0.10975 8.94225
3.6135 -0.292 9.18575
3.5945 0.085 9.0415
3.78625 0.144 9.07325
3.606 -0.04625 9.12325
3.74275 0.138 9.02525
3.679 0.1015 9.13425
3.64925 0.096 9.122
3.45175 0.00149999999999999 9.1505
3.64975 -0.083 9.06425
3.66525 0.13975 9.023
3.51725 -0.01575 9.175
3.605 0.08375 9.1215
3.7465 0.14275 8.911
3.729 0.1445 9.052
3.5615 -0.167 9.07175
3.6635 0.22975 9.00875
3.597 0.06875 9.06125
3.762 0.10025 9.05425
3.753 0.1315 8.97525
3.7535 0.00375 9.07675
3.71925 0.05425 9.03325
3.79 0.1475 8.99275
3.58825 0.06125 9.09925
3.76625 0.0885 9.005
3.545 0.00349999999999999 9.17225
3.614 -0.078 9.136
3.6885 0.057 9.0495
3.67925 0.19375 9.0055
3.522 -0.16825 9.13325
3.5705 -0.02575 9.16075
3.7715 0.236 9.006
3.65775 0.08175 9.10175
3.656 0.11 9.11425
3.5925 0.1 9.055
3.6805 0.10775 9.13275
3.547 -0.0615 9.0585
3.7725 0.1205 9.016
3.489 0.11775 9.15075
3.64025 -0.01225 9.182
3.508 0.08425 9.177
3.65225 0.066 9.06675
3.69225 0.07225 9.06725
3.734 0.01825 9.08725
3.57475 0.073 9.08475
3.63575 0.14425 9.107
3.5265 0.01375 9.09575
3.74125 -0.0075 9.04475
3.71075 -0.002 9.03675
3.60075 0.0295 9.1115
3.68875 0.05025 9.0925
3.62325 0.066 9.08375
3.661 0.03325 9.07225
3.66725 -0.01625 9.063
3.62725 0.10525 9.0445
3.636 0.0115 9.07025
3.62325 0.11 9.09575
3.63575 0.03425 9.05425
3.661 0.05825 9.09325
3.6165 0.061 9.03
3.65475 0.03425 9.077
3.657 0.057 9.05625
3.63675 0.04025 9.07925
3.64375 0.0645 9.08275
3.662 0.06825 9.045
3.632 0.062 9.07525
3.6475 0.04825 9.0865
3.64075 0.045 9.0935
3.653 0.06675 9.0825
3.64825 0.05725 9.0815
3.64875 0.05325 9.08325
3.6445 0.05375 9.08225
3.64425 0.056 9.08275
3.645 0.04975 9.0855
3.636 0.0615 9.091
3.6495 0.0555 9.08175
3.645 0.057 9.0795
