3.621 0.06125 9.1225
3.6225 0.0675 9.12375
3.623 0.06625 9.11725
3.6325 0.07775 9.12025
3.62825 0.063 9.11325
3.6265 0.06375 9.12825
3.62325 0.064 9.13175
3.6225 0.06025 9.11475
3.62275 0.06425 9.127
3.61375 0.06825 9.13475
3.62425 0.0665 9.12575
3.623 0.06275 9.1235
3.62875 0.06375 9.132
3.62375 0.066 9.127
3.61975 0.07275 9.12625
3.63025 0.0625 9.12325
3.621 0.05975 9.121
3.6195 0.071 9.1205
3.626 0.06175 9.13225
3.62125 0.06325 9.126
3.62325 0.063 9.1235
3.6245 0.0675 9.1175
3.6245 0.06575 9.11875
3.62925 0.06775 9.13025
3.6255 0.066 9.129
3.62275 0.06525 9.12575
3.62475 0.062 9.124
3.62375 0.0685 9.12825
3.62675 0.064 9.1225
3.628 0.06425 9.1265
3.62475 0.06075 9.116
3.631 0.07 9.12325
3.625 0.0685 9.1165
3.62425 0.068 9.12075
3.62575 0.064 9.1285
3.62475 0.069 9.119
3.61975 0.06425 9.11825
3.6265 0.07075 9.12525
3.6205 0.06125 9.12325
3.624 0.0675 9.1265
3.62125 0.06475 9.1245
3.62625 0.0685 9.1225
3.62375 0.0685 9.131
3.6155 0.0605 9.132
3.62525 0.068 9.12775
3.62575 0.06475 9.126
3.626 0.06475 9.13225
3.62025 0.06375 9.1275
3.62025 0.06075 9.1305
3.62225 0.06075 9.12525
3.62925 0.0675 9.12475
3.6205 0.06375 9.11775
3.62475 0.07025 9.12925
3.619 0.06625 9.131
3.63 0.063 9.126
3.6275 0.06275 9.1235
3.62775 0.0675 9.13225
3.62375 0.06475 9.1295
3.62425 0.08925 9.1445
3.64825 0.034 9.11325
3.59225 0.0825 9.12075
3.6225 0.08025 9.13525
3.66075 0.038 9.1065
3.63975 0.044 9.121
3.626 0.056 9.126
3.64475 0.06675 9.12
3.64 0.0675 9.119
3.604 0.0625 9.13525
3.607 0.075 9.121
3.63825 0.077 9.114
3.60575 0.0625 9.1245
3.64025 0.056 9.11375
3.6095 0.0865 9.138
3.61525 0.0825 9.1325
3.626 0.0675 9.1185
3.62725 0.084 9.12025
3.6325 0.0355 9.1225
3.61375 0.09725 9.13375
3.6235 0.065 9.125
3.6185 0.06925 9.11325
3.642 0.0295 9.13225
3.6205 0.0785 9.13175
3.634 0.079 9.11175
3.597 0.074 9.135
3.62325 0.09375 9.11825
3.6145 0.061 9.129
3.64925 0.067 9.1105
3.6165 0.05875 9.1385
3.63375 0.09425 9.129
3.61975 0.0865 9.14225
3.60475 0.08025 9.13975
3.62 0.07825 9.12425
3.64225 0.06925 9.12575
3.61725 0.052 9.112
3.628 0.05775 9.1295
3.616 0.0745 9.11825
3.619 0.06925 9.137
3.61725 0.0745 9.13875
3.6195 0.09175 9.13925
3.602 0.07625 9.15075
3.6165 0.11775 9.12275
3.63325 0.114 9.1215
3.62175 0.0685 9.1315
3.65425 0.028 9.1275
3.64475 0.02825 9.10775
3.61175 0.0495 9.14525
3.65425 0.0665 9.10175
3.6325 0.053 9.13225
3.62725 0.0605 9.11425
3.63825 0.05925 9.113
3.62225 0.067 9.12225
3.61425 0.09625 9.14025
3.6145 0.0775 9.125
3.59925 0.051 9.1465
3.6105 0.096 9.155
3.64325 0.0745 9.104
3.62775 0.099 9.121
3.63425 0.0955 9.105
3.63675 0.0915 9.13075
3.649 0.0295 9.121
3.61925 0.071 9.13025
3.6235 0.07325 9.13275
3.6245 0.11775 9.1115
3.59425 0.0585 9.11425
3.62325 0.05575 9.1265
3.614 0.01325 9.13425
3.664 0.03075 9.09225
3.598 0.04275 9.139
3.64775 0.049 9.1315
3.64075 0.07625 9.11375
3.6065 0.07325 9.1155
3.602 0.06575 9.13575
3.60025 0.099 9.1305
3.6135 0.034 9.14475
3.634 0.07925 9.11275
3.59475 0.09825 9.13
3.64175 0.06925 9.1205
3.62175 0.10925 9.13375
3.63425 0.08125 9.11725
3.6285 0.049 9.121
3.63175 0.0675 9.12275
3.632 0.0245 9.13
3.622 0.05225 9.1315
3.6225 0.037 9.11975
3.643 0.0605 9.1035
3.65 0.12175 9.10725
3.63075 0.07025 9.132
3.61825 0.03425 9.12175
3.64775 0.099 9.11375
3.631 0.02075 9.12375
3.6095 0.1085 9.12025
3.60525 0.0905 9.1345
3.593 0.12575 9.13175
3.65875 0.0675 9.14675
3.60275 0.066 9.1315
3.63975 0.09875 9.131
3.613 0.02325 9.1435
3.6595 0.08175 9.097
3.61375 0.06475 9.12575
3.635 0.1345 9.108
3.6445 0.07725 9.12775
3.6575 0.057 9.10375
3.631 0.105 9.1265
3.60325 0.0975 9.14125
3.59875 0.08875 9.1195
3.6485 0.06475 9.119
3.62875 0.0565 9.125
3.631 0.049 9.11825
3.605 0.06075 9.131
3.642 0.07725 9.11825
3.628 0.03225 9.14125
3.59025 0.06675 9.14025
3.624 0.07125 9.12525
3.605 0.06325 9.13175
3.63 0.0665 9.12125
3.61825 0.05275 9.12375
3.633 0.0855 9.12275
3.651 0.063 9.11225
3.60025 0.0585 9.1565
3.629 0.0425 9.13575
3.57775 0.0715 9.1505
3.6135 0.04 9.14675
3.65375 0.05875 9.09975
3.61825 0.04525 9.13725
3.65025 0.012 9.1255
3.62375 0.10875 9.14725
3.608 0.11275 9.13475
3.64225 0.07375 9.13075
3.6045 0.08775 9.117
3.614 0.06525 9.13275
3.643 0.06975 9.11575
3.6445 0.05675 9.12075
3.61225 0.07575 9.139
3.60875 0.013 9.14975
3.67125 0.057 9.11875
3.61975 0.066 9.12575
3.61625 0.09025 9.11725
3.626 0.07225 9.12925
3.62375 0.102 9.159
3.61925 0.04675 9.13
3.65975 0.05425 9.0705
3.63375 0.10075 9.1235
3.6045 0.07275 9.139
3.6075 0.1305 9.11
3.58525 -0.00425 9.1685
3.61475 0.01425 9.136
3.6275 0.055 9.116
3.57675 0.05975 9.15375
3.6115 0.07275 9.1275
3.5795 0.03475 9.15725
3.647 0.1035 9.09825
3.603 0.059 9.1395
3.61525 0.0905 9.127
3.614 0.0685 9.14625
3.61175 0.08775 9.125
3.59525 0.06575 9.1405
3.6455 0.08225 9.117
3.61925 0.05475 9.147
3.61275 0.02775 9.12875
3.6405 0.066 9.095
3.647 0.0415 9.12125
3.61025 0.084 9.149
3.649 -0.00675 9.17225
3.60975 0.0695 9.163
3.6825 0.03825 9.10275
3.62275 0.07425 9.125
3.639 0.045 9.139
3.60075 0.0045 9.139
3.61525 0.03425 9.117
3.628 0.04475 9.1255
3.60875 0.024 9.1065
3.60125 0.09125 9.11425
3.57025 0.059 9.1605
3.64325 0.0915 9.099
3.5895 0.08725 9.15125
3.612 0.085 9.146
3.60375 0.071 9.14825
3.64275 0.04525 9.138
3.58575 0.04325 9.14625
3.6475 0.072 9.1365
3.5935 0.0805 9.11
3.63 0.01375 9.123
3.64775 -0.0365 9.09625
3.671 0.05675 9.0805
3.654 0.01025 9.12025
3.6485 0.056 9.0805
3.5855 0.05625 9.11925
3.661 0.0625 9.1255
3.6025 0.05425 9.1565
3.59175 0.071 9.14725
3.60075 0.05925 9.14975
3.62275 0.05225 9.1315
3.629 -0.01675 9.11225
3.60425 0.02925 9.1295
3.61125 0.0985 9.136
3.64925 0.018 9.1155
3.642 0.0615 9.10475
3.589 0.073 9.154
3.62975 0.08725 9.142
3.6155 0.00975 9.1115
3.63425 0.0365 9.1505
3.629 0.0595 9.12225
3.63725 0.12425 9.1185
3.5935 0.0075 9.131
3.63075 0.078 9.14725
3.62575 0.0885 9.1335
3.63075 0.12825 9.13125
3.6105 0.053 9.125
3.6345 0.0545 9.11025
3.622 0.034 9.12025
3.6425 0.068 9.113
3.63625 0.07225 9.12275
3.6 0.093 9.15025
3.613 0.05075 9.122
3.6335 0.08125 9.1125
3.59375 0.039 9.13525
3.621 0.06925 9.12725
3.62475 0.14175 9.127
3.61875 0.07925 9.1275
3.635 0.13225 9.13975
3.63525 0.0955 9.12775
3.67 0.07325 9.11125
3.6045 0.06925 9.13375
3.62575 0.01725 9.134
3.61375 0.06025 9.11425
3.62475 0.095 9.1095
3.632 0.0525 9.13825
3.64075 0.05375 9.12875
3.65175 0.11175 9.11
3.60425 0.104 9.1415
3.64625 0.057 9.118
3.6505 0.06175 9.1175
3.6705 0.05375 9.1175
3.62475 0.0175 9.138
3.602 0.07875 9.1345
3.62525 0.0805 9.12375
3.58025 0.0175 9.1475
3.61275 0.09275 9.15725
3.65025 0.1035 9.114
3.612 0.07175 9.12125
3.6175 0.08325 9.1285
3.6075 0.08775 9.12525
3.609 0.05525 9.13275
3.627 0.042 9.12725
3.603 0.087 9.1285
3.64575 0.05825 9.08925
3.615 0.06075 9.1375
3.616 0.0505 9.12425
3.634 0.0985 9.125
3.61825 0.08775 9.08525
3.62075 0.09025 9.14075
3.62375 0.063 9.12675
3.62225 0.0735 9.13825
3.64525 0.0575 9.108
3.63725 0.02 9.13275
3.58975 0.05375 9.18325
3.651 0.04125 9.1085
3.6235 0.0905 9.13825
3.6205 0.03025 9.137
3.657 0.11275 9.09475
3.6255 0.05925 9.11325
3.60925 0.06475 9.13875
3.57975 0.0535 9.18425
3.615 0.12925 9.12325
3.603 0.06325 9.145
3.66675 0.0885 9.1205
3.62575 0.10475 9.09325
3.6185 0.088 9.132
3.67775 0.097 9.10525
3.62475 0.09225 9.137
3.61325 0.1045 9.144
3.61025 0.09025 9.105
3.60875 0.10125 9.14025
3.63025 0.07775 9.136
3.61275 0.0955 9.111
3.6135 0.0805 9.13125
3.644 0.091 9.12925
3.60125 0.08625 9.118
3.636 0.03825 9.09775
3.60375 0.06475 9.128
3.63025 0.109 9.145
3.63 0.076 9.12925
3.73775 0.10425 9.046
3.65325 0.089 9.107
3.61175 0.0565 9.12225
3.5825 0.0695 9.16625
3.59725 0.10675 9.132
3.58775 0.05475 9.13975
3.62675 0.0855 9.142
3.57675 0.101 9.12025
3.686 0.0175 9.104
3.642 0.0805 9.1235
3.623 0.05575 9.15575
3.6005 0.1145 9.104
3.61875 0.081 9.1215
3.62275 0.05425 9.1365
3.69525 0.0205 9.1115
3.62275 0.10725 9.13
3.6105 0.08 9.11475
3.62275 0.04425 9.10875
3.5875 0.0435 9.1205
3.62125 0.03675 9.1175
3.64925 0.08 9.0935
3.611 0.074 9.129
3.59975 0.06875 9.10225
3.63475 0.07925 9.09925
3.62975 0.09125 9.09775
3.63 0.1215 9.13025
3.54575 0.03325 9.14475
3.6115 0.07775 9.1275
3.6195 0.11 9.12525
3.5255 0.047 9.157
3.63325 0.05325 9.0865
3.618 0.121 9.1595
3.6195 0.07125 9.14525
3.62125 0.03975 9.14
3.62 0.0925 9.12725
3.61425 0.079 9.12
3.67 0.117 9.1225
3.62625 0.099 9.138
3.57875 0.06725 9.1575
3.64425 0.075 9.1125
3.59525 0.0805 9.14425
3.63675 0.05475 9.12075
3.66675 0.03125 9.095
3.60325 0.038 9.1365
3.6425 0.06625 9.096
3.60375 0.024 9.15525
3.63 0.115 9.09425
3.657 0.09125 9.10325
3.59775 0.06625 9.16025
3.61325 0.1 9.13625
3.60175 0.11975 9.1425
3.63575 0.09625 9.12375
3.61775 0.075 9.11825
3.66275 0.09525 9.10925
3.63375 0.104 9.12475
3.633 0.1085 9.137
3.60425 0.0565 9.13025
3.62575 0.08075 9.139
3.5825 0.0645 9.14275
3.64575 0.069 9.1175
3.59725 0.03125 9.15725
3.65225 0.08925 9.1
3.64825 0.0195 9.12325
3.62075 0.021 9.13675
3.605 0.10975 9.10625
3.6395 0.088 9.12225
3.614 0.0565 9.1215
3.63425 0.11325 9.13425
3.6915 0.1595 9.08975
3.6125 0.07625 9.1225
3.609 0.03925 9.126
3.60525 0.0495 9.1355
3.609 0.1775 9.149
3.6175 0.0245 9.13375
3.618 0.10425 9.104
3.61375 0.045 9.1305
3.61875 0.032 9.12725
3.635 0.02775 9.1475
3.6435 0.0835 9.125
3.63775 0.05725 9.11175
3.62075 0.10125 9.12125
3.59925 0.0855 9.136
3.6265 0.05825 9.133
3.61925 0.10825 9.11975
3.6075 0.06775 9.13475
3.63825 0.084 9.12925
3.694 0.04075 9.08425
3.59325 0.071 9.16325
3.57875 0.12025 9.14375
3.65275 0.09975 9.11325
3.6305 0.068 9.135
3.6615 0.053 9.11025
3.62275 0.03875 9.1085
3.59975 0.06975 9.13925
3.639 0.04525 9.12425
3.65475 0.07925 9.06825
3.6815 0.086 9.11175
3.59525 0.08525 9.1815
3.60375 0.06225 9.1305
3.61725 0.0235 9.13875
3.62725 0.10125 9.1365
3.61825 0.07975 9.153
3.716 0.09275 9.06825
3.62025 0.05575 9.15075
3.611 0.07525 9.11975
3.63925 0.1125 9.12775
3.64725 0.042 9.11325
3.6235 0.046 9.1245
3.622 0.00475 9.13725
3.624 0.0935 9.126
3.62225 0.07275 9.1305
3.624 0.06825 9.13
3.61375 0.0745 9.159
3.6945 0.02825 9.074
3.6415 0.084 9.1345
3.621 0.0675 9.11825
3.61225 0.11575 9.12725
3.645 0.074 9.1085
3.63075 0.0465 9.081
3.59425 0.101 9.1505
3.60675 0.043 9.13625
3.63475 0.05425 9.13
3.6425 0.01675 9.117
3.66775 0.09725 9.11575
3.60175 0.0475 9.12975
3.655 0.1055 9.12525
3.62675 0.058 9.15825
3.67075 0.107 9.0755
3.62825 0.07275 9.1395
3.62425 0.0745 9.146
3.64175 0.0245 9.1135
3.67725 0.063 9.11325
3.64275 0.05325 9.12025
3.6315 0.101 9.14475
3.57225 0.07475 9.1285
3.613 0.153 9.12475
3.61575 0.072 9.1285
3.60825 0.076 9.1355
3.62825 0.04575 9.137
3.55875 0.095 9.164
3.6415 0.10375 9.07575
3.61975 0.03675 9.102
3.65875 -0.041 9.13625
3.66325 0.06675 9.097
3.585 0.0655 9.1815
3.63825 0.05525 9.126
3.5935 0.0545 9.15875
3.6275 0.06425 9.08925
3.636 0.096 9.105
3.6225 0.0855 9.12125
3.637 0.04275 9.1365
3.60325 0.049 9.147
3.61425 0.1105 9.13875
3.632 0.04725 9.135
3.66025 0.02175 9.122
3.68125 -0.004 9.106
3.62825 0.06225 9.115
3.6495 0.05825 9.092
3.624 0.0905 9.14375
3.66825 0.071 9.0865
3.607 0.05875 9.13375
3.6115 0.04825 9.148
3.60275 0.056 9.16225
3.57575 0.09175 9.14875
3.6505 0.098 9.12
3.64375 0.06925 9.128
3.66825 0.092 9.11575
3.64 0.036 9.12975
3.61575 0.13225 9.14875
3.60175 0.0325 9.1545
3.618 0.04475 9.13675
3.618 0.061 9.1455
3.61775 0.065 9.1625
3.62375 0.0405 9.12225
3.559 0.0785 9.17475
3.63975 0.071 9.16
3.5905 0.0805 9.149
3.64325 0.09525 9.113
3.65425 0.12075 9.088
3.636 0.10225 9.115
3.65 0.07275 9.1095
3.566 0.036 9.15075
3.6075 0.09975 9.1315
3.583 0.0795 9.13875
3.6085 -0.01925 9.15325
3.63125 0.07125 9.139
3.624 0.07075 9.1225
3.59325 0.11425 9.12725
3.6105 0.05875 9.15675
3.60475 0.05575 9.136
3.62625 0.0915 9.1225
3.6425 0.08425 9.096
3.6375 0.07325 9.122
3.5765 0.07025 9.16275
3.61275 0.09125 9.16325
3.64125 -0.0205 9.1595
3.62875 0.05025 9.11975
3.618 0.057 9.1115
3.639 0.06975 9.14475
3.6055 0.0335 9.1345
3.65375 0.0595 9.12575
3.6625 0.111 9.11575
3.5905 0.03175 9.14525
3.64175 0.05575 9.1375
3.62425 0.0485 9.1465
3.688 0.07375 9.105
3.63125 0.06125 9.12125
3.6115 0.075 9.13125
3.57875 0.03425 9.17025
3.608 0.09325 9.129
3.65925 0.0265 9.1265
3.615 0.034 9.1185
3.6155 0.13175 9.14325
3.57775 0.119 9.13725
3.55075 0.0895 9.15275
3.62475 0.0945 9.13875
3.5675 0.14325 9.1345
3.5785 0.00875 9.1595
3.6165 0.05 9.17275
3.66575 0.02575 9.08775
3.5765 0.0595 9.16025
3.63025 0.102 9.12525
3.57775 0.05875 9.17875
3.6435 0.06225 9.1375
3.5895 0.127 9.15525
3.611 0.09375 9.1265
3.66075 -0.027 9.15075
3.61625 0.0215 9.10175
3.63775 0.09175 9.097
3.6565 0.07625 9.12325
3.62275 0.04575 9.13675
3.58175 0.05825 9.1415
3.5925 0.1075 9.14025
3.64025 0.0795 9.115
3.641 0.05725 9.1005
3.62725 0.109 9.12475
3.6235 0.08625 9.141
3.604 0.081 9.133
3.63325 0.05575 9.13075
3.6145 0.07575 9.14
3.61225 0.162 9.087
3.63725 0.0555 9.119
3.5975 0.0825 9.12875
3.63975 0.076 9.11475
3.62025 0.07175 9.127
3.61675 0.0985 9.11175
3.611 0.05975 9.136
3.57675 0.06975 9.12525
3.61325 0.0535 9.137
3.652 0.0975 9.12675
3.6355 0.04625 9.11
3.61475 0.06975 9.14175
3.63525 0.08225 9.14225
3.63275 0.0805 9.118
3.64825 0.1095 9.12275
3.59525 0.047 9.1695
3.64175 0.09725 9.123
3.668 0.054 9.1285
3.602 0.07675 9.1525
3.60975 0.08375 9.1425
3.63325 0.0685 9.13325
3.62825 0.02275 9.14225
3.61475 0.078 9.11225
3.6125 0.12875 9.15425
3.61075 0.03225 9.12925
3.66475 0.08475 9.11725
3.646 0.0945 9.1055
3.6265 0.0625 9.14875
3.6255 0.073 9.124
3.62525 0.07375 9.12225
3.61875 0.06825 9.12825
3.627 0.0685 9.127
3.62325 0.0715 9.128
3.623 0.07575 9.13325
3.62325 0.06875 9.13175
3.62625 0.06875 9.12375
3.6235 0.0695 9.12225
3.62375 0.06675 9.12575
3.6235 0.06775 9.12775
3.6255 0.07125 9.128
3.61875 0.073 9.12925
3.62325 0.06575 9.13775
3.6195 0.07 9.12675
3.624 0.07275 9.13725
3.62 0.06675 9.13425
3.6195 0.06675 9.13075
3.62525 0.068 9.1335
3.621 0.06875 9.1315
3.62125 0.06625 9.12975
3.6225 0.07175 9.13525
3.62 0.0665 9.1375
3.6225 0.06375 9.12175
3.626 0.061 9.1325
3.62525 0.0715 9.12675
3.621 0.0625 9.12725
3.6195 0.06975 9.1355
3.61925 0.07425 9.12925
3.6235 0.0695 9.13275
3.62075 0.0635 9.13
3.6225 0.069 9.12825
3.61675 0.07 9.1285
3.6195 0.06875 9.13575
3.6185 0.06575 9.137
3.61975 0.06475 9.13075
3.61825 0.069 9.1365
3.6215 0.062 9.1325
3.621 0.0695 9.12875
3.617 0.075 9.13875
3.62025 0.06975 9.13175
3.618 0.0675 9.125
3.61725 0.0685 9.13675
3.621 0.06575 9.1325
3.61725 0.06675 9.1235
3.62075 0.066 9.12875
3.61875 0.07 9.1345
3.619 0.06675 9.13175
3.616 0.06625 9.13275
3.62225 0.0675 9.132
3.622 0.06525 9.1295
3.625 0.0715 9.12875
3.62225 0.07025 9.13025
3.62175 0.0715 9.12775
3.61825 0.067 9.132
3.62125 0.06825 9.1325
3.6175 0.06625 9.13675
3.6215 0.06725 9.133
3.62025 0.0725 9.12925
3.62125 0.0705 9.12925
3.61875 0.0665 9.12875
3.6205 0.066 9.133
3.61625 0.0675 9.127
3.617 0.07075 9.13075
3.62125 0.06325 9.13325
3.61425 0.06925 9.132
3.618 0.0675 9.13025
3.6215 0.066 9.13825
3.62225 0.07075 9.12775
3.617 0.072 9.13425
3.6195 0.0655 9.13625
3.62025 0.06575 9.13125
3.61875 0.06875 9.13675
3.62125 0.065 9.12925
3.622 0.065 9.1255
3.6175 0.0685 9.1365
3.62225 0.07 9.12925
3.61675 0.073 9.1305
3.617 0.06925 9.13675
3.61875 0.075 9.1385
3.61725 0.06825 9.127
3.61875 0.06875 9.136
3.6195 0.06375 9.1305
3.6225 0.0725 9.1175
3.61875 0.07025 9.13325
3.626 0.068 9.137
3.61675 0.06675 9.13025
3.6165 0.071 9.128
3.62225 0.062 9.14575
3.60625 0.059 9.1275
3.6315 0.05425 9.13575
3.62025 0.06575 9.13875
3.6165 0.076 9.13175
3.62175 0.06225 9.1425
3.61575 0.0635 9.13775
3.6225 0.065 9.135
3.61975 0.07075 9.12975
3.62325 0.0635 9.12825
3.62 0.061 9.1235
3.62475 0.07225 9.128
3.62425 0.07325 9.13225
3.62275 0.07175 9.13725
3.62225 0.0645 9.131
3.62175 0.0715 9.13375
3.6085 0.063 9.112
3.61075 0.0635 9.1395
3.62825 0.07875 9.13225
3.6125 0.067 9.1265
3.6245 0.06525 9.138
3.63 0.0595 9.1085
3.618 0.06775 9.1135
3.60775 0.06575 9.147
3.61025 0.07475 9.12575
3.60825 0.06975 9.1335
3.63375 0.074 9.13775
3.61 0.05525 9.15
3.62075 0.0495 9.142
3.61225 0.0705 9.14625
3.606 0.07275 9.13525
3.6175 0.07925 9.12575
3.62175 0.074 9.12975
3.6245 0.07075 9.1295
3.622 0.05975 9.14625
3.62925 0.07825 9.12
3.6285 0.05975 9.13775
3.618 0.056 9.1275
3.6185 0.064 9.14375
3.6055 0.07 9.14175
3.6265 0.0745 9.13125
3.61375 0.06375 9.14725
3.60975 0.06575 9.12425
3.6095 0.0565 9.14375
3.643 0.0625 9.12925
3.65225 0.085 9.1245
3.64525 0.06875 9.1165
3.64575 0.06275 9.12025
3.6445 0.059 9.12475
3.615 0.0625 9.1425
3.6255 0.07475 9.13325
3.62075 0.04925 9.13275
3.61625 0.07425 9.1465
3.61975 0.05825 9.141
3.61975 0.07675 9.13675
3.63675 0.0705 9.128
3.61875 0.0705 9.14175
3.64375 0.06375 9.11025
3.62425 0.06575 9.13875
3.6325 0.06175 9.105
3.6405 0.057 9.125
3.61725 0.05925 9.1455
3.6125 0.071 9.16175
3.64925 -0.00175 9.13325
3.66925 0.11 9.0805
3.8355 0.004 9.0805
3.518 0.158 9.16675
3.548 0.00275 9.0565
3.4775 -0.025 9.1145
3.65125 0.05525 9.1075
3.62125 -0.04175 9.19525
3.57275 -0.0935 9.10625
3.6305 0.199 9.052
3.72475 0.334 9.05575
3.65575 0.135 9.0885
3.71925 0.1175 9.04825
3.52425 -0.05475 9.219
3.771 0.14975 8.99675
3.49325 -0.14325 9.2235
3.50525 -0.16775 9.2505
3.637 0.126 9.1145
3.574 0.018 9.12925
3.615 0.067 9.127
3.484 -0.18625 9.26275
3.759 0.23175 9.0715
3.525 -0.023 9.23275
3.68 0.13125 9.03
3.6405 0.02425 9.1795
3.737 0.244 9.07025
3.7335 0.14825 9.121
3.6025 -0.02175 9.118
3.66425 0.038 9.102
3.6965 0.42825 9.026
3.6055 -0.01025 9.17075
3.81175 0.344 9.05125
3.59 0.0705 9.15275
3.7645 0.1395 9.022
3.5615 0.0155 9.1185
3.54475 -0.03025 9.215
3.57925 0.000499999999999999 9.20875
3.584 0.0545 9.08725
3.3265 -0.36775 9.21525
3.5995 0.127 9.164
3.6765 0.33025 8.92475
3.56825 -0.01 9.21525
3.6445 0.06125 9.0895
3.5905 0.05625 9.1585
3.633 0.2005 9.06575
3.6235 0.0515 9.15375
3.71425 0.1545 9.0915
3.54 -0.02175 9.2635
3.51975 -0.05975 9.1845
3.586 0.1025 9.24125
3.60125 -0.09775 9.18275
3.662 0.0705 9.09075
3.6775 0.19075 9.10675
3.60975 0.058 9.08325
3.688 0.14125 9.19775
3.476 -0.18025 9.22525
3.6905 0.0335 9.0655
3.59475 0.0345 9.14475
3.6545 0.09725 9.155
3.827 0.21075 9.036
3.55125 -0.0645 9.17925
3.699 0.1115 9.133
3.645 0.042 9.08925
3.5825 -0.00674999999999999 9.17275
3.64675 0.171 9.164
3.78 0.269 9.06675
3.58825 0.067 9.15775
3.5755 -0.05425 9.18125
3.64775 0.066 9.0855
3.5835 0.02775 9.156
3.81375 0.25125 9.06525
3.78875 0.27575 9.032
3.53425 0.049 9.24075
3.70375 0.13425 9.1195
3.711 0.2075 9.05675
3.63975 0.051 9.03725
3.54 -0.09925 9.26525
3.51425 -0.0145 9.17425
3.68025 0.075 9.076
3.621 0.10025 9.174
3.6665 0.1955 9.06775
3.57725 0.06625 9.12525
3.7575 0.125 9.14025
3.776 0.19725 8.99425
3.60625 0.0445 9.056
3.71275 0.1635 9.03125
3.59475 0.07475 9.12625
3.61975 0.119 9.1245
3.547 -0.08175 9.08425
3.57925 0.00225 9.161
3.6185 0.00549999999999999 9.196
3.6865 0.107 9.0925
3.56025 0.05125 9.178
3.7 0.154 9.07925
3.69375 0.0195 9.15775
3.774 0.188 9.0155
3.587 0.13325 9.15875
3.708 0.117 9.07325
3.73525 0.089 9.1155
3.4415 -0.1135 9.27575
3.5605 0.00525 9.216
3.60275 0.04875 9.13325
3.58325 0.029 9.095
3.6885 0.05025 9.166
3.3675 -0.25275 9.086
3.75675 0.13925 9.074
3.49775 -0.0865 9.16525
3.65975 0.1715 9.06125
3.59275 0.0145 9.123
3.59075 0.11625 8.96075
3.769 0.302 9.052
3.55025 0.0465 9.14825
3.59875 -0.11875 9.217
3.55075 0.08875 9.10225
3.6845 0.3115 8.95775
3.56075 -0.016 9.225
3.7035 0.18725 9.07675
3.686 0.04725 9.1045
3.561 0.0475 9.13325
3.6135 -0.0495 9.183
3.626 0.092 9.0845
3.59825 0.058 9.1415
3.6205 0.09925 9.13325
3.64375 0.056 9.1425
3.75025 0.158 9.0455
3.601 0.043 9.18875
3.6275 0.052 9.1545
3.743 0.09525 9.037
3.63125 0.03325 9.13025
3.80525 0.426 8.983
3.61725 -0.04625 9.2825
3.6625 0.18825 9.13425
3.541 0.05425 9.195
3.656 0.003 9.137
3.586 0.02625 9.1385
3.43 -0.18725 9.25325
3.7665 0.163 9.038
3.627 0.06375 9.2
3.70875 0.19225 9.05
3.54075 0.103 9.1735
3.56975 -0.05225 9.18775
3.77075 0.16125 9.04875
3.6975 0.20925 9.1055
3.69775 0.1965 9.08025
3.76725 0.24325 9.09575
3.59 0.03675 9.13825
3.58875 0.0325 9.2325
3.603 0.082 9.118
3.6745 0.14825 9.1075
3.674 0.22625 9.08325
3.68125 0.119 9.13825
3.52825 0.073 9.191
3.499 0.02325 9.23575
3.6845 0.14575 9.11625
3.6235 0.16225 9.2135
3.65675 0.21975 9.074
3.729 0.21925 9.09525
3.51425 -0.08725 9.25425
3.7935 0.32675 9.026
3.40125 -0.1735 9.2365
3.589 0.00924999999999999 9.1515
3.458 -0.06825 9.243
3.594 0.015 9.17575
3.65925 -0.05075 9.08475
3.62075 0.0355 9.092
3.69 0.13875 9.08425
3.57225 0.00700000000000001 9.20725
3.666 0.08 9.13675
3.6785 0.17375 9.029
3.485 -0.1575 9.27975
3.5945 0.0405 9.18975
3.6275 0.07125 9.16375
3.659 0.0415 9.19375
3.6845 0.0175 9.14775
3.5985 0.098 9.11575
3.55725 -0.03675 9.24125
3.892 0.20425 8.985
3.5155 0.022 9.22075
3.73725 0.04425 9.07225
3.528 0.0345 9.08725
3.6905 0.11075 9.135
3.677 0.0415 9.1395
3.636 0.11875 9.1305
3.43125 -0.21075 9.25275
3.5795 0.04125 9.1465
3.61925 0.16225 9.15425
3.53375 0.07 9.17525
3.83975 0.38175 8.93975
3.3715 -0.09725 9.302
3.625 0.11325 9.10675
3.52275 -0.0715 9.09525
3.6795 0.14225 9.079
3.72175 0.293 9.071
3.71275 0.14425 9.099
3.6135 0.091 9.1375
3.65875 0.06925 9.118
3.588 0.068 9.14
3.67 0.06275 9.166
3.66875 0.2115 9.03
3.52725 -0.071 9.21375
3.71675 0.12025 9.064
3.681 0.22375 9.00475
3.58375 0.04475 9.10475
3.59225 -0.11025 9.20375
3.6295 0.11375 9.145
3.846 0.255 9.08275
3.69225 0.04825 9.10225
3.65225 0.10025 9.1295
3.615 -0.0295 9.13625
3.6885 0.05075 9.17375
3.6305 -0.0035 9.15425
3.58 0.07825 9.1415
3.70575 0.085 9.05225
3.68475 0.10175 9.1605
3.54725 -0.02325 9.1885
3.707 0.07775 9.019
3.51975 0.00374999999999999 9.158
3.747 0.21475 9.12225
3.532 -0.12725 9.141
3.53875 -0.14575 9.17675
3.5695 0.032 9.058
3.587 0.0745 9.0375
3.65275 0.08425 9.1115
3.65225 0.0885 9.1295
3.62975 0.054 9.135
3.72175 0.05425 9.16375
3.56275 0.03475 9.12325
3.54225 0.0765 9.17425
3.79125 0.21575 9.043
3.645 0.036 9.14275
3.695 0.15075 9.1015
3.72225 0.25575 9.132
3.56125 -0.0265 9.23575
3.64875 0.079 9.063
3.41775 -0.16975 9.25475
3.677 0.09575 9.07025
3.77975 0.385 9.00125
3.648 0.02775 9.166
3.64425 0.11275 9.0965
3.502 -0.09725 9.19775
3.74475 0.0745 9.0275
3.68425 0.1695 9.08525
3.5535 -0.12225 9.179
3.6475 0.08525 9.1185
3.664 0.181 9.09875
3.64125 0.09825 9.121
3.561 -0.161 9.192
3.65875 -0.07375 9.183
3.57525 0.08525 9.14525
3.92525 0.42375 8.9325
3.57425 -0.01025 9.213
3.69625 0.1135 9.1005
3.56025 0.034 9.17925
3.71925 0.163 9.13425
3.56475 0.01425 9.2195
3.72075 0.13 9.1625
3.67625 0.15825 9.046
3.61425 0.1265 9.13925
3.5605 -0.02175 9.19025
3.6965 0.08275 9.09075
3.434 -0.21725 9.186
3.657 0.0755 9.0945
3.58925 -0.05275 9.2355
3.6 0.07975 9.1965
3.72975 0.3145 9.01025
3.63125 0.00475 9.155
3.55025 -0.09275 9.17375
3.67825 0.14475 9.156
3.66325 0.25275 9.02875
3.70875 0.23 9.08825
3.69275 0.1805 9.06
3.5665 0.03225 9.0865
3.689 0.132 9.084
3.60425 0.08875 9.11225
3.447 -0.21725 9.172
3.63975 0.112 9.129
3.60475 0.034 9.12075
3.4705 -0.118 9.21375
3.624 0.21525 9.09275
3.762 0.076 9.07325
3.796 0.31175 9.03975
3.575 -0.06275 9.196
3.5815 0.02175 9.07825
3.61275 -0.04275 9.22825
3.6585 0.049 9.1505
3.46325 -0.111 9.30725
3.651 0.10375 9.0665
3.6705 0.0625 9.1275
3.6905 0.19175 9.03425
3.76175 0.14975 8.99575
3.51975 -0.01925 9.1295
3.64525 0.063 9.1685
3.59275 -0.128 9.258
3.73125 0.39675 8.94625
3.714 0.05925 9.1115
3.5955 0.029 9.19075
3.62275 0.04475 9.06675
3.6525 0.075 9.0315
3.54525 0.0365 9.163
3.84425 0.33025 8.9945
3.5665 -0.083 9.27575
3.71975 0.1645 9.068
3.621 -0.011 9.2285
3.81725 0.20625 8.9445
3.61075 0.033 9.14775
3.66225 0.19475 9.1485
3.65075 0.15925 9.0225
3.6445 0.18275 9.06875
3.60125 -0.045 9.17325
3.66625 0.12775 9.07725
3.6715 0.063 9.13725
3.57525 0.0275 9.0835
3.91525 0.36725 8.90725
3.8275 0.26475 8.9685
3.70075 0.0955 8.95625
3.80075 0.23125 9.10575
3.52375 0.047 9.196
3.7115 0.073 9.1445
3.42925 -0.0845 9.25775
3.7345 0.177 9.06825
3.60025 0.14125 9.161
3.60825 0.17625 9.126
3.61725 -0.049 9.13725
3.78 0.13875 9.0315
3.688 0.1865 9.1295
3.733 0.15125 9.09575
3.74975 0.10025 9.01775
3.58 -0.04375 9.17925
3.60525 0.1145 9.16275
3.58825 0.049 9.07625
3.627 0.05025 9.1255
3.6455 0.0445 9.1675
3.647 0.04175 9.17775
3.60275 0.008 9.10725
3.653 0.14025 9.11
3.60475 0.08975 9.165
3.64025 0.08425 9.0955
3.63 0.0595 9.1295
3.61875 0.06625 9.08625
3.65625 0.05675 9.11925
3.59825 0.0655 9.12975
3.60925 0.0455 9.14325
3.6195 0.05925 9.14475
3.604 0.064 9.11775
3.6335 0.07775 9.1115
3.65125 0.09825 9.115
3.65725 0.0825 9.10825
3.64625 0.09075 9.116
3.6245 0.0725 9.137
3.6255 0.06675 9.1275
3.624 0.06875 9.1295
3.6255 0.067 9.12775
3.62125 0.06125 9.14175
3.62325 0.07025 9.13675
3.61725 0.07675 9.09575
3.62125 0.077 9.13575
3.62725 0.08175 9.10725
3.626 0.0745 9.12175
3.6315 0.06525 9.146
3.61775 0.065 9.149
3.6365 0.06825 9.11925
3.6335 0.07375 9.1265
3.60925 0.0585 9.123
3.61725 0.06375 9.11875
3.6255 0.06325 9.125
3.61 0.06375 9.099
3.6215 0.06 9.13075
3.6205 0.0675 9.12825
3.61225 0.0585 9.16
3.621 0.074 9.1295
3.62325 0.0675 9.1295
3.624 0.04825 9.13125
3.62025 0.069 9.1185
3.62425 0.08775 9.13725
3.637 0.065 9.128
3.6315 0.06325 9.1145
3.61875 0.06425 9.13725
3.62575 0.07575 9.131
3.625 0.06375 9.132
3.6095 0.0615 9.1435
3.6325 0.07225 9.13775
3.62775 0.063 9.1285
3.6255 0.06225 9.131
3.62575 0.06725 9.12825
3.62375 0.06425 9.12725
3.625 0.06425 9.13125
3.62725 0.06475 9.132
3.62875 0.06525 9.1245
3.62675 0.06875 9.12875
3.6315 0.065 9.12675
3.62525 0.07075 9.1245
3.62925 0.065 9.12725
3.62725 0.06325 9.1325
3.62575 0.066 9.12975
3.625 0.066 9.12575
3.62425 0.0645 9.13525
3.622 0.0705 9.1385
3.6265 0.068 9.13
3.6215 0.069 9.12575
3.62875 0.06975 9.1235
3.62075 0.06475 9.1265
3.626 0.06225 9.13525
3.61925 0.06625 9.12175
3.62025 0.06575 9.1265
3.62325 0.0715 9.1265
3.6245 0.0685 9.11875
3.6195 0.0675 9.1285
3.625 0.072 9.1205
3.62325 0.06725 9.13225
3.62325 0.067 9.13025
3.61775 0.06475 9.12575
3.6285 0.06375 9.128
3.62625 0.069 9.12975
3.62375 0.066 9.1275
3.6295 0.07075 9.111
3.619 0.06825 9.1255
3.6265 0.0725 9.1265
3.6215 0.06225 9.13025
3.623 0.06725 9.121
3.6255 0.06325 9.1295
3.62225 0.0725 9.124
3.62675 0.06425 9.1025
3.627 0.069 9.12075
3.62475 0.06775 9.11625
3.62425 0.06675 9.125
3.62725 0.06775 9.1225
3.62325 0.06775 9.11875
3.62425 0.067 9.1335
3.62475 0.0695 9.122
3.62125 0.06125 9.1355
3.624 0.0675 9.12475
3.63 0.06475 9.12675
3.62975 0.061 9.13725
3.62275 0.06425 9.13475
3.62575 0.06725 9.133
3.62375 0.0735 9.13425
3.62975 0.06375 9.1445
3.632 0.0635 9.1375
3.623 0.0745 9.12225
3.62025 0.06925 9.126
3.619 0.07075 9.136
3.6245 0.0665 9.126
3.627 0.0725 9.12
3.619 0.067 9.118
3.624 0.0685 9.13375
3.62625 0.07125 9.12975
3.628 0.06675 9.1285
3.62575 0.065 9.1365
3.624 0.0625 9.13
3.62375 0.0795 9.10275
3.62275 0.06525 9.13075
3.62125 0.06475 9.13675
3.6215 0.072 9.12325
3.61825 0.06875 9.1265
3.6285 0.08625 9.13175
3.625 0.06575 9.126
3.61425 0.08125 9.13275
3.63125 0.0645 9.12
3.6245 0.08275 9.1275
3.6235 0.06475 9.13725
3.6225 0.0565 9.13
3.62525 0.058 9.1305
3.627 0.0655 9.1235
3.624 0.07025 9.13775
3.623 0.06025 9.1275
3.6265 0.07175 9.126
3.6225 0.066 9.13475
3.626 0.06825 9.13825
3.6275 0.071 9.13075
3.62175 0.06975 9.1285
3.62525 0.07625 9.13175
3.6115 0.05825 9.12525
3.61825 0.0715 9.131
3.62525 0.08 9.12475
3.6185 0.0725 9.134
3.6255 0.06275 9.12175
3.6285 0.065 9.1335
3.6245 0.0525 9.1025
3.62125 0.06075 9.1405
3.615 0.05175 9.12175
3.633 0.07525 9.11825
3.6245 0.06625 9.1305
3.62425 0.06 9.13725
3.63125 0.06025 9.13275
3.61975 0.07475 9.13725
3.63875 0.07225 9.13
3.627 0.05825 9.134
3.6155 0.05875 9.14225
3.6265 0.05925 9.12725
3.62625 0.06775 9.12975
3.63475 0.0675 9.125
3.62375 0.0595 9.13125
3.624 0.06325 9.141
3.62975 0.072 9.129
3.62075 0.0665 9.1355
3.625 0.064 9.09025
3.6275 0.071 9.13675
3.628 0.05875 9.128
3.645 0.07025 9.12325
3.644 0.071 9.12875
3.6115 0.061 9.11875
3.6445 0.065 9.0975
3.633 0.075 9.10125
3.67725 0.109 9.1065
3.67375 0.12475 9.118
3.65825 0.13275 9.07675
3.64225 0.00799999999999999 9.19925
3.61175 0.109 9.10725
3.65825 0.169 9.056
3.675 -0.00449999999999999 9.1025
3.58575 0.0205 9.1625
3.7345 0.265 9.10625
3.6225 0.074 9.13875
3.673 0.10975 9.07875
3.62075 0.00649999999999999 9.131
3.5815 0.015 9.1575
3.71725 0.136 9.08225
3.67825 0.13575 9.11125
3.768 0.29125 9.04075
3.71 0.16225 9.093
3.535 -0.2745 9.20675
3.60025 0.1095 9.132
3.547 0.0455 9.143
3.671 -0.03075 9.11275
3.6445 0.0445 9.19025
3.6295 0.05875 9.14425
3.526 0.08 9.1815
3.6295 0.10525 9.13775
3.483 -0.06675 9.22925
3.7305 0.181 9.06775
3.72025 0.39625 9.06775
3.6545 -0.073 9.189
3.6185 0.09725 9.17675
3.62875 0.00949999999999998 9.099
3.692 0.20775 9.17125
3.60625 0.10475 9.126
3.6055 0.087 9.09325
3.61575 0.1005 9.102
3.467 -0.20375 9.24025
3.6595 0.10375 9.1105
3.50675 -0.09675 9.20225
3.7205 0.1655 9.09025
3.56875 -0.02925 9.13275
3.83575 0.2575 9.01675
3.6185 -0.0235 9.12525
3.56375 -0.068 9.1805
3.55075 0.1605 9.157
3.57575 -0.061 9.17925
3.635 0.14275 9.08425
3.6205 0.104 9.12375
3.672 0.1455 9.08725
3.6285 -0.0385 9.1565
3.6765 0.14775 9.0555
3.727 0.158 9.06675
3.721 0.131 9.11525
3.56525 -0.00775000000000001 9.143
3.60225 0.06775 9.1625
3.5685 -0.13975 9.125
3.70275 0.25525 9.0535
3.6245 0.09125 9.09575
3.6505 0.14375 9.071
3.6335 0.20975 9.0885
3.64625 0.1215 9.122
3.8515 0.384 8.93375
3.5485 -0.05875 9.155
3.57675 0.067 9.15025
3.637 0.10225 9.1785
3.7585 0.1735 9.058
3.5485 -0.06275 9.19775
3.63775 0.0975 9.133
3.671 0.1395 9.14875
3.79475 0.26225 9.061
3.5395 -0.00325000000000002 9.1315
3.61725 -0.04325 9.19425
3.72425 0.39975 9.0315
3.634 0.07025 9.19425
3.687 0.02325 9.11925
3.5715 0.08475 9.09975
3.55025 -0.1055 9.1915
3.5205 0.03075 9.212
3.625 0.03825 9.15875
3.55625 -0.0135 9.26175
3.5445 -0.04825 9.19975
3.618 -0.12225 9.135
3.6875 0.273 9.04375
3.49075 -0.1655 9.24975
3.603 0.05225 9.08625
3.59375 0.056 9.165
3.61075 -0.0705 9.1455
3.6615 0.08675 9.149
3.4845 -0.13975 9.20125
3.558 -0.04775 9.1825
3.6375 0.0825 9.12125
3.5525 0.00849999999999999 9.093
3.58125 0.05325 9.13275
3.67625 0.0045 9.15375
3.62125 0.34025 9.17425
3.4085 -0.49475 9.31225
3.665 0.0995 9.17675
3.569 -0.17675 9.07275
3.64525 0.12175 9.126
3.5605 0.10275 9.0895
3.5955 0.08025 9.09525
3.79025 0.18675 9.08075
3.50325 0.024 9.2775
3.721 0.18825 9.074
3.548 -0.019 9.1185
3.562 0.1255 9.1975
3.68775 -0.01325 9.00525
3.6815 0.1485 9.04625
3.69675 0.13875 9.04975
3.7855 0.4725 9.071
3.61075 0.06725 9.10725
3.61525 -0.0575 9.11725
3.617 0.171 9.06075
3.62225 0.09 9.11975
3.68725 0.10175 9.12725
3.78575 0.218 9.14375
3.648 0.18275 9.09775
3.56775 -0.1315 9.1565
3.57775 -0.0945 9.12925
3.63825 0.194 9.07725
3.69375 0.03425 9.12225
3.461 -0.19925 9.1925
3.73975 0.37275 9.055
3.63725 0.1105 9.06475
3.42975 -0.22025 9.29225
3.84125 0.36525 9.0045
3.5095 -0.058 9.209
3.813 0.31475 9.0925
3.5085 -0.12675 9.1715
3.69475 0.27475 8.94625
3.582 -0.09775 9.121
3.59025 0.0595 9.1225
3.605 -0.05725 9.209
3.62225 0.02025 9.144
3.729 0.4225 9.0455
3.64275 0.128 9.02875
3.63675 0.0805 9.114
3.4935 -0.1675 9.2645
3.5295 -0.06 9.2215
3.51925 0.00424999999999999 9.13325
3.725 0.194 9.06625
3.5255 -0.03475 9.21
3.6425 0.10425 9.1735
3.541 0.03425 9.073
3.72175 0.2865 9.0525
3.517 -0.20875 9.0555
3.66775 0.431 9.054
3.55725 -0.1375 9.19625
3.62775 0.04475 9.148
3.7815 0.42725 9.0135
3.44325 -0.27475 9.2695
3.68925 0.1195 9.073
3.66275 0.12725 9.05975
3.7505 0.15425 9.06475
3.67 0.07125 9.081
3.5135 -0.074 9.21325
3.79475 0.15825 8.9985
3.61875 -0.04525 9.186
3.64375 0.0975 9.1505
3.69925 0.09925 9.1295
3.6795 0.216 9.06875
3.6315 0.1205 9.1505
3.6215 -0.018 9.17825
3.626 0.023 9.18625
3.51425 -0.06425 9.18425
3.569 -0.05625 9.24425
3.69375 0.139 9.087
3.5225 -0.06675 9.12675
3.344 -0.14075 9.26825
3.42625 -0.37425 9.214
3.69775 0.16475 9.0415
3.6525 0.23125 9.0555
3.5425 -0.20325 9.174
3.614 -0.056 9.205
3.45525 -0.27775 9.1885
3.6315 0.122 9.08825
3.61875 0.0155 9.13475
3.58025 -0.03675 9.203
3.5885 0.1065 9.0855
3.57375 -0.053 9.1645
3.5625 0.044 9.1795
3.63475 0.08 9.1235
3.56425 0.072 9.04325
3.5485 -0.1395 9.2235
3.68425 0.26525 9.06125
3.591 0.0785 9.1555
3.77075 0.16575 9.0575
3.682 0.173 9.12075
3.622 0.0165 9.18125
3.631 0.03375 9.2155
3.429 -0.262 9.2755
3.76575 0.27225 9.0625
3.718 0.1695 8.98075
3.64875 0.135 9.15475
3.70975 0.1295 9.0555
3.43925 -0.3525 9.20725
3.688 -0.02575 9.1705
3.588 0.14075 9.067
3.58075 -0.0515 9.2375
3.55275 -0.1615 9.23525
3.6295 0.1035 9.126
3.59625 0.14125 9.09475
3.62175 -0.05075 9.1535
3.60175 0.0585 9.14825
3.78475 0.28475 9.0505
3.5585 -0.0555 9.19
3.63575 0.1035 9.1395
3.6955 0.0345 9.135
3.67975 0.057 9.1285
3.58275 0.08275 9.107
3.59075 0.10475 9.0415
3.6835 0.228 9.096
3.6195 0.08825 9.1055
3.59225 -0.03225 9.13
3.636 0.026 9.1825
3.63225 0.055 9.208
3.6245 0.0135 9.15775
3.61175 -0.02425 9.22
3.758 0.27825 9.0095
3.555 -0.0125 9.14475
3.71175 0.0755 9.1055
3.5225 0.0085 9.1365
3.5805 -0.0345 9.17175
3.79275 0.131 9.0275
3.6465 0.02425 9.11425
3.5525 -0.0815 9.12825
3.576 0.05 9.055
3.62475 -0.01125 9.1825
3.843 0.23425 9.10525
3.56625 -0.022 9.12925
3.551 -0.067 9.1835
3.39025 -0.1775 9.28625
3.6805 0.147 9.11075
3.43775 -0.133 9.20525
3.71575 0.22925 9.1105
3.53925 -0.10325 9.232
3.68575 0.25375 8.988
3.704 0.141 9.0345
3.53975 -0.31525 9.26325
3.6485 -0.0635 9.1775
3.6125 0.054 9.097
3.6175 0.01625 9.14975
3.6235 0.065 9.04275
3.43875 -0.11725 9.18775
3.72625 0.15025 9.0955
3.47875 -0.153 9.20275
3.80475 0.14525 9.075
3.442 -0.19325 9.256
3.714 0.196 9.0905
3.5865 -0.149 9.162
3.68725 0.2465 9.193
3.586 0.05225 9.152
3.57525 -0.016 9.1075
3.76675 0.4015 8.95025
3.5955 0.05375 9.09925
3.58925 -0.0915 9.171
3.76 0.343 9.00875
3.666 0.124 9.138
3.5305 0.02 9.1415
3.71875 0.12525 9.098
3.825 0.38 9.0155
3.53175 -0.102 9.259
3.6945 -0.02175 9.1965
3.56 -0.1225 9.19575
3.57025 0.03675 9.112
3.637 0.08425 9.202
3.62175 0.07625 9.13475
3.63975 0.11075 9.15425
3.64825 0.105 9.146
3.69975 0.14225 9.00425
3.5445 -0.06775 9.22825
3.54675 -0.0145 9.249
3.7665 0.2145 8.9775
3.506 -0.16475 9.21725
3.676 0.19725 9.1705
3.747 0.25975 9.1
3.59475 0.2185 9.086
3.4735 -0.3785 9.19975
3.68975 0.13475 9.058
3.4725 -0.249 9.374
3.63725 0.07425 9.11125
3.72125 0.15275 9.06775
3.579 0.02575 9.11625
3.66925 0.09125 9.14925
3.5875 0.02375 9.127
4.02675 0.5295 8.86
3.2955 -0.26375 9.28525
3.6265 0.07575 9.1385
3.608 0.036 9.11125
3.678 0.083 9.11525
3.5315 0.09825 9.18125
3.586 0.09925 9.15625
3.68875 -0.04675 9.15925
3.73925 0.1725 9.08025
3.5245 0.137 9.122
3.518 0.12325 9.11325
3.72025 0.0785 9.07025
3.552 0.013 9.18875
3.6645 0.08025 9.09425
3.6125 0.0875 9.123
3.62425 0.0775 9.1365
3.62625 0.0195 9.12525
3.6315 0.096 9.131
3.63425 0.054 9.124
3.63025 0.07025 9.12825
3.6065 0.0505 9.14125
3.636 0.0805 9.11925
3.62725 0.077 9.08475
3.654 0.07825 9.117
3.6765 0.06025 9.075
3.611 0.0935 9.141
3.6005 0.081 9.16275
3.622 0.09175 9.124
3.63675 0.0565 9.08025
3.6235 0.09975 9.08375
3.648 0.05725 9.1005
3.61225 0.06075 9.11325
3.6395 0.08875 9.11775
3.6205 0.05275 9.1245
3.6375 0.05825 9.136
3.62475 0.06325 9.1255
3.62725 0.09425 9.12675
3.62875 0.0585 9.124
3.62825 0.0635 9.12725
3.6215 0.069 9.1265
3.621 0.07025 9.132
3.62625 0.0675 9.12825
3.62175 0.06325 9.11925
3.62575 0.06775 9.12475
3.622 0.067 9.12475
3.629 0.068 9.13225
3.6245 0.06625 9.13175
3.6205 0.068 9.12375
3.626 0.067 9.1235
3.62475 0.06725 9.12475
3.6285 0.0665 9.1385
3.62925 0.0625 9.1345
3.62525 0.07025 9.13725
3.62075 0.06775 9.12275
3.62775 0.063 9.1275
3.6235 0.0675 9.12525
3.622 0.068 9.1295
3.6255 0.0715 9.131
3.62475 0.068 9.1295
3.6225 0.06025 9.133
3.623 0.06875 9.12225
3.629 0.0615 9.123
3.63125 0.06775 9.13525
3.62 0.0725 9.12725
3.62925 0.066 9.12025
3.618 0.07025 9.12875
3.6215 0.067 9.13175
3.61875 0.06225 9.12775
3.62325 0.07425 9.12725
3.63975 0.066 9.12075
3.625 0.0605 9.1275
3.61975 0.0635 9.12125
3.63 0.07175 9.11775
3.6225 0.069 9.13025
3.62625 0.073 9.11975
3.623 0.0685 9.12775
3.6305 0.06475 9.13125
3.62475 0.05525 9.1305
3.62425 0.06575 9.1245
3.62575 0.064 9.122
3.61925 0.067 9.117
3.62975 0.0645 9.13575
3.63125 0.05975 9.13375
3.6295 0.0675 9.12575
3.6265 0.06425 9.1275
3.6275 0.0605 9.12925
3.62525 0.06325 9.1225
3.62475 0.0675 9.12475
3.623 0.06625 9.13125
3.625 0.066 9.1175
3.6215 0.0705 9.1315
3.623 0.06825 9.12675
3.62525 0.072 9.12075
3.6335 0.06725 9.12025
3.626 0.061 9.119
3.623 0.06525 9.1335
3.626 0.07 9.129
3.6225 0.0655 9.12025
3.6225 0.07075 9.13
3.6285 0.0675 9.1325
3.62625 0.0675 9.12275
3.628 0.065 9.1195
3.6255 0.06375 9.12675
3.62275 0.06825 9.133
3.625 0.065 9.1315
3.626 0.06575 9.11725
3.6275 0.07275 9.13375
3.6335 0.06375 9.12525
3.62525 0.068 9.135
3.6315 0.06375 9.123
3.627 0.06725 9.1335
3.62425 0.064 9.12575
3.629 0.07325 9.121
3.62675 0.064 9.1265
3.628 0.06475 9.1225
3.63075 0.0655 9.1295
3.63325 0.067 9.1265
3.629 0.06625 9.13125
3.6305 0.06875 9.1265
3.6295 0.069 9.1295
3.625 0.06575 9.12975
3.62475 0.069 9.12825
3.62925 0.06175 9.119
3.62475 0.0665 9.1245
3.6255 0.06825 9.1385
3.63 0.069 9.1295
3.63 0.0625 9.1325
3.62725 0.06475 9.13125
3.62225 0.06375 9.13175
3.62525 0.068 9.13725
3.631 0.0625 9.135
3.62325 0.0685 9.13975
3.6315 0.0585 9.1435
3.6315 0.067 9.12275
3.62775 0.0605 9.124
3.6315 0.068 9.1325
3.62975 0.06975 9.11425
3.62875 0.06775 9.1165
3.6205 0.0685 9.127
3.62625 0.06775 9.13075
3.6275 0.066 9.12175
3.62875 0.0645 9.13575
3.6255 0.06525 9.11725
3.62375 0.069 9.133
3.6375 0.06225 9.13025
3.6305 0.0705 9.12925
3.62225 0.06875 9.11925
3.6265 0.06525 9.12475
3.62625 0.062 9.12825
3.632 0.067 9.1265
3.629 0.06825 9.1125
3.62725 0.0665 9.1325
3.62525 0.06 9.112
3.6245 0.0775 9.11825
3.62425 0.0355 9.14125
3.64275 0.13325 9.088
3.61925 0.073 9.12275
3.63375 0.072 9.15675
3.61575 0.0655 9.135
3.612 0.07025 9.13325
3.60675 0.0795 9.15775
3.585 0.08225 9.1495
3.632 0.0705 9.13675
3.60125 0.11025 9.13575
3.6485 0.07175 9.0855
3.62725 0.05125 9.13125
3.63875 0.09775 9.1235
3.628 0.037 9.108
3.6345 0.0575 9.109
3.64375 0.06325 9.12275
3.62975 0.06825 9.12975
3.6485 0.048 9.119
3.6465 0.082 9.0945
3.606 0.08625 9.12525
3.57325 0.0605 9.188
3.614 0.11325 9.1225
3.65675 0.08675 9.127
3.613 0.0735 9.15675
3.67725 0.05375 9.10875
3.63025 0.058 9.109
3.61925 0.016 9.0985
3.6305 0.04375 9.1425
3.565 0.05925 9.147
3.6245 0.02725 9.1315
3.63625 0.02825 9.14625
3.639 0.07 9.11325
3.7015 0.045 9.10225
3.6715 0.08475 9.1015
3.64175 0.04825 9.15225
3.61575 0.0725 9.12875
3.63075 0.088 9.12275
3.6285 0.07225 9.1315
3.63875 0.09875 9.1125
3.65675 0.07225 9.12125
3.60025 0.029 9.12175
3.64525 0.06825 9.11525
3.6445 0.07725 9.12475
3.62725 -0.000499999999999999 9.1345
3.63825 0.06875 9.11525
3.5755 0.04 9.1935
3.6445 0.08725 9.14925
3.64425 0.12575 9.091
3.67325 0.1235 9.1125
3.59725 0.0565 9.165
3.59475 0.11525 9.09975
3.63275 0.07025 9.1135
3.59475 0.04125 9.167
3.64975 0.0475 9.12275
3.678 0.07825 9.12025
3.66625 0.121 9.1095
3.63525 0.09675 9.129
3.64325 0.06275 9.10775
3.6285 0.09775 9.14475
3.6155 0.093 9.12525
3.6075 0.08025 9.1185
3.64325 0.1225 9.101
3.623 0.04175 9.14175
3.6325 0.01575 9.11
3.64375 0.053 9.08225
3.60025 0.09375 9.14125
3.6305 0.05525 9.11575
3.6275 0.098 9.09725
3.59825 0.07325 9.1295
3.63775 0.0445 9.125
3.615 0.02725 9.11425
3.676 0.05825 9.104
3.63625 0.158 9.15025
3.63375 0.11775 9.138
3.6145 0.066 9.15125
3.6025 0.074 9.122
3.63875 0.07725 9.11125
3.65275 0.08625 9.10525
3.6165 0.0625 9.141
3.6835 0.08725 9.11075
3.6545 0.0375 9.1235
3.6375 0.0225 9.147
3.65725 0.035 9.1245
3.618 0.02425 9.1185
3.58775 0.08175 9.14925
3.6775 0.06925 9.1195
3.619 0.0615 9.12025
3.67625 0.0705 9.0995
3.65775 0.05825 9.1135
3.59975 0.08225 9.132
3.6565 0.051 9.1305
3.627 0.1005 9.13725
3.617 0.10775 9.13225
3.59 0.04425 9.12
3.5895 0.06925 9.1585
3.60275 0.057 9.131
3.64325 0.06 9.12875
3.59475 0.05775 9.1435
3.626 0.09525 9.13025
3.6115 0.056 9.1465
3.62375 0.0435 9.12775
3.60825 0.01725 9.1405
3.64325 0.032 9.126
3.622 0.05025 9.145
3.574 0.041 9.1605
3.63925 0.013 9.1155
3.64 0.117 9.09775
3.60575 0.0555 9.15075
3.604 0.029 9.16875
3.60825 0.0855 9.14375
3.63175 0.071 9.1305
3.6195 0.06025 9.12425
3.633 0.01525 9.1365
3.60825 0.04725 9.13975
3.6505 0.083 9.10125
3.6385 0.02325 9.13425
3.613 0.08525 9.13475
3.6755 0.0135 9.10925
3.632 0.015 9.129
3.67025 0.1275 9.13625
3.619 0.11075 9.11125
3.59675 0.07275 9.13575
3.59325 0.06075 9.13525
3.61125 0.04825 9.12425
3.64375 0.02325 9.11
3.63575 0.076 9.137
3.628 0.054 9.1335
3.6215 0.11775 9.14725
3.63275 0.0835 9.12725
3.64325 0.04675 9.1035
3.64325 0.04675 9.1325
3.6225 0.1155 9.16125
3.6295 0.07875 9.13975
3.6035 0.0805 9.12825
3.60725 0.05125 9.128
3.671 0.0875 9.111
3.62175 0.0715 9.13125
3.633 0.07075 9.12575
3.62925 0.06875 9.12525
3.62525 0.082 9.116
3.627 0.07075 9.1225
3.63125 0.066 9.12925
3.6235 0.067 9.1285
3.628 0.06925 9.126
3.62725 0.0685 9.12725
3.631 0.069 9.128
3.62875 0.06375 9.12475
3.6225 0.069 9.12825
3.62875 0.071 9.126
3.623 0.07 9.126
3.62575 0.06575 9.125
3.6245 0.069 9.125
3.61975 0.0695 9.13375
3.6285 0.065 9.133
3.628 0.064 9.128
3.62925 0.06075 9.1265
3.62725 0.06925 9.1305
3.62375 0.071 9.1315
3.62175 0.06825 9.13075
3.62825 0.06575 9.133
3.62825 0.067 9.122
3.62325 0.07175 9.13025
3.62675 0.06625 9.12625
3.624 0.067 9.1305
3.6255 0.0695 9.128
3.627 0.07 9.12925
3.6225 0.06775 9.13025
3.62575 0.06925 9.1265
3.62425 0.0665 9.12625
3.628 0.06725 9.13125
3.62525 0.07 9.1335
3.62825 0.06525 9.13075
3.62675 0.065 9.13075
3.62175 0.06775 9.12725
3.621 0.06275 9.1275
3.628 0.06725 9.13375
3.62525 0.0715 9.1285
3.6255 0.07 9.1255
3.625 0.06725 9.12825
3.6175 0.0645 9.12725
3.62275 0.06625 9.12375
3.62525 0.072 9.13225
3.625 0.0645 9.12825
3.62525 0.065 9.12225
3.62625 0.06575 9.1275
3.62325 0.06625 9.12275
3.62325 0.0695 9.13075
3.623 0.0715 9.129
3.63075 0.06575 9.13125
3.62375 0.0665 9.13175
3.625 0.0695 9.13125
3.62375 0.074 9.12875
3.6265 0.06525 9.1275
3.62425 0.06775 9.1315
3.622 0.06225 9.13275
3.62025 0.0675 9.12975
3.6235 0.06675 9.13425
3.62125 0.067 9.13775
3.62275 0.069 9.122
3.6275 0.0705 9.1305
3.6195 0.06575 9.123
3.624 0.0675 9.131
3.62175 0.0715 9.1345
3.623 0.073 9.12125
3.62425 0.07175 9.13025
3.6155 0.06975 9.1295
3.62475 0.06375 9.132
3.626 0.0675 9.1325
3.62 0.06425 9.12575
3.62525 0.059 9.1365
3.62175 0.0665 9.1315
3.62225 0.071 9.1285
3.6225 0.06625 9.12525
3.629 0.068 9.15975
3.62225 0.06725 9.12725
3.624 0.0695 9.13625
3.6225 0.07125 9.13275
3.6265 0.0735 9.12625
3.62425 0.0695 9.127
3.619 0.07275 9.13375
3.6255 0.05675 9.1325
3.62 0.0695 9.121
3.62725 0.08025 9.126
3.6325 0.06925 9.12925
3.62275 0.06325 9.124
3.62275 0.071 9.12525
3.6195 0.07075 9.13275
3.6295 0.066 9.12725
3.619 0.06775 9.1295
3.62025 0.07175 9.13325
3.6265 0.0735 9.13
3.62075 0.06775 9.128
3.62075 0.067 9.135
3.63 0.0775 9.10875
3.6225 0.07125 9.1265
3.6235 0.076 9.12425
3.62925 0.077 9.1215
3.62925 0.06975 9.124
3.6095 0.06325 9.1165
3.6225 0.077 9.11925
3.637 0.06975 9.133
3.6165 0.067 9.12375
3.64325 0.0735 9.11375
3.624 0.0755 9.13225
3.626 0.06875 9.1145
3.624 0.066 9.1315
3.63075 0.065 9.124
3.622 0.073 9.1245
3.62875 0.07075 9.12475
3.6235 0.073 9.136
3.62725 0.0655 9.12825
3.62725 0.06875 9.1295
3.6195 0.0685 9.1315
3.62225 0.06975 9.129
3.6205 0.06675 9.135
3.62075 0.071 9.12925
3.625 0.06075 9.11625
3.62825 0.0645 9.13525
3.63025 0.07 9.1375
3.642 0.081 9.11525
3.622 0.06275 9.12625
3.6125 0.0725 9.1485
3.63725 0.0585 9.11775
3.64275 0.07075 9.09675
3.64625 0.05825 9.14325
3.63 0.1325 9.14725
3.686 0.01 9.10225
3.704 0.062 9.1
3.659 0.1095 9.098
3.53575 0.0115 9.17325
3.42425 -0.1475 9.202
3.642 -0.00600000000000001 9.1005
3.73075 0.1525 9.1165
3.56675 -0.084 9.22825
3.64 -0.01325 9.15425
3.63925 0.0405 9.1405
3.52425 -0.056 9.28175
3.76025 0.2555 9.0075
3.70275 0.29325 8.939
3.55725 0.07525 9.1605
3.52675 -0.05375 9.29675
3.72575 0.1105 9.06675
3.759 0.15175 9.1225
3.828 0.1315 9.17025
3.647 0.059 9.07875
3.64375 0.14225 9.00625
3.64025 0.10775 9.1895
3.61475 0.03075 9.1725
3.61125 0.09525 9.09125
3.81775 0.28075 8.97275
3.52425 -0.12075 9.2225
3.61675 0.05475 9.09875
3.709 0.0765 9.061
3.537 -0.2065 9.14525
3.6455 0.212 9.12225
3.699 0.18475 9.21275
3.521 -0.3755 9.13425
3.506 0.10525 9.02975
3.59625 0.0995000000000001 9.053
3.49175 -0.053 9.04175
3.5455 -0.00974999999999998 9.214
3.527 -0.00800000000000001 9.1025
3.4045 -0.0555 9.2905
3.51625 -0.07925 9.22825
3.52075 -0.09375 9.074
3.71275 -0.0945 9.1765
3.73075 0.275 9.10475
3.67125 0.17375 8.97325
3.64625 0.1985 9.087
3.57 0.051 8.98525
3.61625 0.10675 9.08275
3.9035 0.5735 8.91375
3.72025 0.2755 9.15175
3.60225 -0.0895 9.302
3.49725 -0.01475 9.08525
3.551 -0.118 9.2535
3.6205 0.1755 8.993
3.8095 0.1915 9.0575
3.44325 -0.255 9.274
3.72925 -0.036 9.1865
3.611 0.2 9.12175
3.6285 0.11125 8.98325
3.69225 0.152 9.13975
3.59775 0.128 9.1865
3.628 0.0945000000000001 8.9825
3.51875 -0.12025 9.249
3.71975 0.2445 9.07275
3.5985 0.0695 9.1875
3.86125 0.30825 8.957
3.66275 0.14425 9.23475
3.6555 -0.00475000000000002 9.12525
3.5355 -0.093 9.15875
3.518 -0.056 9.16725
3.55675 0.44375 9.056
3.713 0.15625 9.296
3.6445 -0.00425 9.01525
3.4315 -0.271 9.2315
3.73325 0.18275 9.1655
3.84125 0.3965 8.94575
3.81525 0.2795 8.843
3.76875 0.17175 9.02075
3.6095 0.02225 9.01925
3.73225 0.1035 9.1025
3.67375 0.11875 9.23475
3.7655 -0.04325 9.102
3.7005 0.0675 8.96
3.64075 0.2215 9.14125
3.42275 -0.29525 9.1305
3.40025 -0.47925 9.231
3.83 0.2445 9.09975
3.85575 0.45625 9.07975
3.70525 0.1905 9.04975
3.83 0.361 8.88525
3.68825 0.10675 9.0415
3.50375 -0.03575 9.369
3.77375 0.26475 9.171
3.58075 -0.162 9.22625
3.59075 0.29475 9.0195
3.65 0.254 9.17675
3.68375 0.126 9.205
3.387 -0.49625 9.27
3.86875 0.57075 8.874
3.80225 0.26725 9.01775
3.57075 0.04775 9.25125
3.57125 -0.000749999999999997 9.16125
3.5905 0.10775 9.179
3.67225 0.23275 9.02525
3.55225 -0.10025 8.9525
3.61325 -0.04075 9.22125
3.765 0.12325 8.92625
3.70925 0.06025 9.02925
3.34575 -0.10925 9.27825
3.78175 0.39625 8.99875
3.8045 0.0975 9.139
3.63075 0.0335 9.13325
3.6595 0.04375 9.0775
3.651 -0.03875 9.2295
3.598 0.0125 9.2895
3.64425 0.2155 9.10375
3.4975 -0.23175 9.12425
3.65 0.05475 9.25725
3.3895 0.082 9.0795
3.5395 -0.0595 9.22575
3.74625 0.25275 9.11475
3.513 0.05275 9.024
3.6195 -0.1185 9.28325
3.68675 0.02575 9.19925
3.54625 0.056 9.10775
3.6795 0.165 8.995
3.5415 -0.3215 9.2445
3.83325 0.393 8.8305
3.8145 0.348 9.03825
3.34675 -0.17975 9.34025
3.57625 -0.06 9.054
3.558 -0.13375 9.086
3.56925 0.1085 9.237
3.631 -0.231 9.1995
3.70225 0.14225 9.262
3.6885 -0.0605 9.11325
3.6935 -0.04175 9.165
3.8245 0.476 8.903
3.643 -0.06525 9.057
3.815 0.51225 8.83675
3.503 -0.202 9.23775
3.77925 0.30325 8.9535
3.61875 0.0575 8.9905
3.61725 0.058 9.12025
3.7025 0.244 9.0585
3.6185 -0.175 9.20175
3.51825 -0.144 9.22725
3.712 0.09 9.20725
3.44725 0.11625 9.315
3.62225 0.01325 9.08625
3.8875 0.528 8.85
3.73125 0.30975 9.127
3.66475 0.16825 8.94675
3.7155 0.239 9.0
3.6175 -0.124 9.17325
3.7885 0.16 9.15975
3.659 0.26675 9.081
3.55825 -0.06 9.18675
3.6495 0.34275 9.047
3.60175 0.2365 9.057
3.53625 -0.027 9.166
3.60175 0.0765 9.1195
3.656 0.04675 9.124
3.43925 -0.5125 9.2775
3.674 0.2385 8.9595
3.4355 -0.27275 9.28025
3.6225 0.000249999999999993 9.0755
3.7845 0.334 8.83975
3.6995 0.048 9.27525
3.71075 0.308 9.02875
3.53725 -0.12975 9.348
3.69075 0.3045 9.022
3.52225 0.04775 9.03475
3.50925 -0.113 9.182
3.62225 -0.07975 9.33475
3.5665 0.10525 9.22025
3.38825 0.01675 9.28525
3.66425 0.141 9.263
3.74775 0.034 9.018
3.7785 0.59425 8.979
3.68 0.03375 9.117
3.52375 -0.09075 9.131
3.55125 0.024 9.1405
3.5535 -0.0465 9.1895
3.70075 -0.01775 9.11775
3.48275 -0.1835 9.07075
3.669 -0.004 9.17
3.6985 -0.0015 9.069
3.5985 0.10575 9.1205
3.67225 0.1855 8.951
3.822 0.25125 9.03125
3.842 0.4365 9.1805
3.73525 0.2385 8.922
3.5405 -0.15575 9.157
3.52975 0.12875 9.102
3.597 0.1075 9.02825
3.6515 0.23575 9.2275
3.744 0.34825 9.052
3.5835 -0.08425 9.19975
3.6275 0.0455 9.02875
3.56375 0.04025 9.0945
3.7565 0.54475 8.964
3.6255 -0.01575 9.013
3.63575 0.05725 9.14
3.66475 0.14775 9.1575
3.77825 0.24025 8.86275
3.706 0.343 8.994
3.68775 -0.0735 9.20775
3.5465 0.048 9.19325
3.54325 -0.06425 9.18275
3.5585 -0.00325000000000003 9.135
3.634 -0.13825 9.0135
3.4365 0.33 9.37025
3.59775 0.078 9.175
3.42025 -0.2575 9.3885
3.58975 -0.10475 9.32975
3.61825 0.16225 8.993
3.47025 0.0345 9.1225
3.48725 0.1745 9.134
3.64075 -0.2245 9.1305
3.6165 0.35825 8.99
3.48225 -0.05875 9.08725
3.787 0.1535 9.0825
3.57175 0.09775 8.84525
3.78575 0.16975 9.1085
3.37875 0.102 9.15975
3.675 0.19275 9.3235
3.52225 0.0425 9.18575
3.76825 0.0405 9.22175
3.72325 0.21175 9.124
3.5195 0.00800000000000001 9.20075
3.6375 -0.11425 9.12025
3.598 -0.06175 9.27875
3.841 0.54975 8.8445
3.6405 0.0565 9.1915
3.6885 0.2645 9.03725
3.3885 -0.3295 9.07375
3.75275 0.25125 9.076
3.556 -0.1565 8.9145
3.4745 0.0665 9.0285
3.8665 0.41175 9.022
3.59075 0.04725 8.934
3.79225 0.325 9.00225
3.877 0.44375 9.113
3.68 0.0655 9.06725
3.572 0.078 9.3525
3.60575 -0.00974999999999999 9.0895
3.6315 0.04725 9.1435
3.702 0.26725 9.16825
3.585 0.135 9.22525
3.77375 0.1565 9.073
3.70025 0.1295 9.1275
3.51275 -0.07425 9.036
3.698 -0.0385 9.01775
3.71525 0.03625 9.0435
3.709 0.245 9.05875
3.69075 0.0265 9.02975
3.6075 0.22625 9.15725
3.4445 0.12 9.36075
3.78025 0.4465 8.874
3.4535 -0.47575 9.26275
3.72275 0.31875 8.997
3.5865 -0.1575 9.33625
3.7595 0.1805 9.26425
3.5625 -0.103 9.242
3.71025 0.36725 9.2375
3.62975 -0.148 9.27275
3.66025 0.2575 9.28825
3.64575 -0.1355 9.2045
3.68275 0.30625 9.15625
3.73425 -0.08625 9.23375
3.51325 -0.348 9.30075
3.69975 0.08675 8.88775
3.5525 0.20825 9.07125
3.59825 0.48875 9.1015
3.59275 0.03825 9.00125
3.646 0.15275 9.4365
3.61725 0.00424999999999999 9.079
3.566 -0.11875 9.157
3.79625 0.32075 9.17825
3.735 0.1945 9.0735
3.50475 0.1475 8.9275
3.74475 0.0925 9.08275
3.6455 0.01775 9.06825
3.65425 -0.13375 9.1335
3.794 0.553 8.91625
3.83725 0.52075 8.90575
3.60575 0.144 9.102
3.593 0.1255 9.1485
3.64625 -0.01375 9.00425
3.5425 -0.175 9.178
3.839 0.2925 9.25
3.65475 0.272 9.05375
3.5155 -0.0625 9.1725
3.67075 0.2555 9.02225
3.6585 -0.01225 9.1765
3.59425 0.13575 9.03675
3.684 0.08175 9.076
3.72975 0.63475 8.94525
3.51825 -0.13575 9.238
3.86625 -0.0615 9.09875
3.47175 0.1165 9.056
3.44175 -0.28575 9.08175
3.57625 0.0335 9.1555
3.7485 0.12425 8.99125
3.5665 -0.05075 9.21625
3.7205 -0.3885 9.1545
3.60925 0.1935 9.3085
3.57975 0.09525 9.295
3.581 0.475 9.1535
3.62425 0.02775 9.05475
3.472 -0.43 9.17925
3.50475 -0.1785 9.37975
3.79975 0.33575 9.10925
3.63325 -0.03825 9.10825
3.6555 0.2815 8.92925
3.63625 -0.19925 9.34525
3.65875 0.3095 9.07475
3.7815 0.18925 9.0575
3.5845 0.1245 9.28
3.74575 0.46525 9.032
3.53425 0.0885 9.09175
3.52775 0.2065 9.09775
3.63675 0.037 9.109
3.602 0.25475 9.19075
3.3085 -0.49825 9.15075
3.73075 0.23425 9.04825
3.484 -0.02925 9.12325
3.708 -0.04125 9.00225
3.56175 0.13825 9.01025
3.724 -0.121 9.1555
3.55025 -0.1345 9.2685
3.56775 0.34575 9.028
3.56375 0.00325 8.98025
3.662 -0.0045 9.214
3.621 0.01875 9.14275
3.958 0.316 9.1265
3.47075 -0.42 9.15375
3.75325 0.36475 8.8305
3.4205 -0.1385 9.2
3.4945 -0.019 9.16725
3.5785 -0.14725 9.19625
3.6035 0.10025 9.0405
3.5925 0.06475 9.2195
3.596 0.189 9.1175
3.46525 -0.0465 9.25375
3.80325 0.23625 8.97625
3.3795 -0.052 9.32175
3.8475 0.0445 8.9595
3.68375 0.27525 9.234
3.43025 0.17525 9.01975
3.61825 0.20025 9.125
3.80175 0.08825 9.0965
3.48775 -0.05025 9.2325
3.706 0.1475 9.06525
3.68225 0.019 9.063
3.655 0.0585 9.147
3.71 0.08575 9.0175
3.61125 0.08825 9.137
3.59675 -0.000249999999999997 9.18375
3.608 0.068 9.187
3.6255 0.06725 9.1265
3.68725 0.0875 9.1225
3.568 0.086 9.119
3.65925 0.06975 9.18125
3.57575 0.1025 9.22725
3.63125 0.11775 9.0755
3.6285 0.0865 9.17875
3.6155 0.09825 9.089
3.6395 0.07725 9.1465
3.59675 0.0165 9.11275
3.6 0.0205 9.06575
3.6045 0.0065 9.09925
3.616 0.09125 9.19975
3.66375 0.10475 9.14125
3.654 0.07325 9.09725
3.61425 0.08025 9.13175
3.619 0.06775 9.1335
3.6285 0.07725 9.13225
3.626 0.07 9.13025
3.628 0.067 9.13175
3.628 0.0695 9.12975
3.62825 0.0635 9.12475
3.6255 0.06575 9.12925
3.62675 0.06475 9.12675
3.6255 0.0645 9.12525
3.622 0.068 9.13025
3.6275 0.0655 9.1265
3.6335 0.0635 9.1205
3.6285 0.06875 9.12875
3.62675 0.0635 9.1235
3.6225 0.0635 9.129
3.621 0.067 9.1285
3.63375 0.06525 9.1265
3.63325 0.06375 9.12475
3.6285 0.06175 9.12525
3.62875 0.05975 9.1225
3.62675 0.0655 9.1235
3.6265 0.0645 9.12575
3.63175 0.0625 9.12775
3.62775 0.065 9.126
3.6315 0.064 9.122
3.631 0.06525 9.12875
3.6275 0.064 9.12475
3.629 0.0635 9.12475
3.6365 0.066 9.12425
3.62475 0.061 9.126
3.62725 0.065 9.1115
3.63675 0.06775 9.129
